N+1个插值节点, 请输入N值(示例4,8,16,32)
16
自变量值为
-5.000000
-4.980000
-4.960000
-4.940000
-4.920000
-4.900000
-4.880000
-4.860000
-4.840000
-4.820000
-4.800000
-4.780000
-4.760000
-4.740000
-4.720000
-4.700000
-4.680000
-4.660000
-4.640000
-4.620000
-4.600000
-4.580000
-4.560000
-4.540000
-4.520000
-4.500000
-4.480000
-4.460000
-4.440000
-4.420000
-4.400000
-4.380000
-4.360000
-4.340000
-4.320000
-4.300000
-4.280000
-4.260000
-4.240000
-4.220000
-4.200000
-4.180000
-4.160000
-4.140000
-4.120000
-4.100000
-4.080000
-4.060000
-4.040000
-4.020000
-4.000000
-3.980000
-3.960000
-3.940000
-3.920000
-3.900000
-3.880000
-3.860000
-3.840000
-3.820000
-3.800000
-3.780000
-3.760000
-3.740000
-3.720000
-3.700000
-3.680000
-3.660000
-3.640000
-3.620000
-3.600000
-3.580000
-3.560000
-3.540000
-3.520000
-3.500000
-3.480000
-3.460000
-3.440000
-3.420000
-3.400000
-3.380000
-3.360000
-3.340000
-3.320000
-3.300000
-3.280000
-3.260000
-3.240000
-3.220000
-3.200000
-3.180000
-3.160000
-3.140000
-3.120000
-3.100000
-3.080000
-3.060000
-3.040000
-3.020000
-3.000000
-2.980000
-2.960000
-2.940000
-2.920000
-2.900000
-2.880000
-2.860000
-2.840000
-2.820000
-2.800000
-2.780000
-2.760000
-2.740000
-2.720000
-2.700000
-2.680000
-2.660000
-2.640000
-2.620000
-2.600000
-2.580000
-2.560000
-2.540000
-2.520000
-2.500000
-2.480000
-2.460000
-2.440000
-2.420000
-2.400000
-2.380000
-2.360000
-2.340000
-2.320000
-2.300000
-2.280000
-2.260000
-2.240000
-2.220000
-2.200000
-2.180000
-2.160000
-2.140000
-2.120000
-2.100000
-2.080000
-2.060000
-2.040000
-2.020000
-2.000000
-1.980000
-1.960000
-1.940000
-1.920000
-1.900000
-1.880000
-1.860000
-1.840000
-1.820000
-1.800000
-1.780000
-1.760000
-1.740000
-1.720000
-1.700000
-1.680000
-1.660000
-1.640000
-1.620000
-1.600000
-1.580000
-1.560000
-1.540000
-1.520000
-1.500000
-1.480000
-1.460000
-1.440000
-1.420000
-1.400000
-1.380000
-1.360000
-1.340000
-1.320000
-1.300000
-1.280000
-1.260000
-1.240000
-1.220000
-1.200000
-1.180000
-1.160000
-1.140000
-1.120000
-1.100000
-1.080000
-1.060000
-1.040000
-1.020000
-1.000000
-0.980000
-0.960000
-0.940000
-0.920000
-0.900000
-0.880000
-0.860000
-0.840000
-0.820000
-0.800000
-0.780000
-0.760000
-0.740000
-0.720000
-0.700000
-0.680000
-0.660000
-0.640000
-0.620000
-0.600000
-0.580000
-0.560000
-0.540000
-0.520000
-0.500000
-0.480000
-0.460000
-0.440000
-0.420000
-0.400000
-0.380000
-0.360000
-0.340000
-0.320000
-0.300000
-0.280000
-0.260000
-0.240000
-0.220000
-0.200000
-0.180000
-0.160000
-0.140000
-0.120000
-0.100000
-0.080000
-0.060000
-0.040000
-0.020000
0.000000
0.020000
0.040000
0.060000
0.080000
0.100000
0.120000
0.140000
0.160000
0.180000
0.200000
0.220000
0.240000
0.260000
0.280000
0.300000
0.320000
0.340000
0.360000
0.380000
0.400000
0.420000
0.440000
0.460000
0.480000
0.500000
0.520000
0.540000
0.560000
0.580000
0.600000
0.620000
0.640000
0.660000
0.680000
0.700000
0.720000
0.740000
0.760000
0.780000
0.800000
0.820000
0.840000
0.860000
0.880000
0.900000
0.920000
0.940000
0.960000
0.980000
1.000000
1.020000
1.040000
1.060000
1.080000
1.100000
1.120000
1.140000
1.160000
1.180000
1.200000
1.220000
1.240000
1.260000
1.280000
1.300000
1.320000
1.340000
1.360000
1.380000
1.400000
1.420000
1.440000
1.460000
1.480000
1.500000
1.520000
1.540000
1.560000
1.580000
1.600000
1.620000
1.640000
1.660000
1.680000
1.700000
1.720000
1.740000
1.760000
1.780000
1.800000
1.820000
1.840000
1.860000
1.880000
1.900000
1.920000
1.940000
1.960000
1.980000
2.000000
2.020000
2.040000
2.060000
2.080000
2.100000
2.120000
2.140000
2.160000
2.180000
2.200000
2.220000
2.240000
2.260000
2.280000
2.300000
2.320000
2.340000
2.360000
2.380000
2.400000
2.420000
2.440000
2.460000
2.480000
2.500000
2.520000
2.540000
2.560000
2.580000
2.600000
2.620000
2.640000
2.660000
2.680000
2.700000
2.720000
2.740000
2.760000
2.780000
2.800000
2.820000
2.840000
2.860000
2.880000
2.900000
2.920000
2.940000
2.960000
2.980000
3.000000
3.020000
3.040000
3.060000
3.080000
3.100000
3.120000
3.140000
3.160000
3.180000
3.200000
3.220000
3.240000
3.260000
3.280000
3.300000
3.320000
3.340000
3.360000
3.380000
3.400000
3.420000
3.440000
3.460000
3.480000
3.500000
3.520000
3.540000
3.560000
3.580000
3.600000
3.620000
3.640000
3.660000
3.680000
3.700000
3.720000
3.740000
3.760000
3.780000
3.800000
3.820000
3.840000
3.860000
3.880000
3.900000
3.920000
3.940000
3.960000
3.980000
4.000000
4.020000
4.040000
4.060000
4.080000
4.100000
4.120000
4.140000
4.160000
4.180000
4.200000
4.220000
4.240000
4.260000
4.280000
4.300000
4.320000
4.340000
4.360000
4.380000
4.400000
4.420000
4.440000
4.460000
4.480000
4.500000
4.520000
4.540000
4.560000
4.580000
4.600000
4.620000
4.640000
4.660000
4.680000
4.700000
4.720000
4.740000
4.760000
4.780000
4.800000
4.820000
4.840000
4.860000
4.880000
4.900000
4.920000
4.940000
4.960000
4.980000
5.000000
精确值为
-0.368421
-0.369170
-0.369920
-0.370672
-0.371426
-0.372181
-0.372938
-0.373697
-0.374457
-0.375219
-0.375982
-0.376747
-0.377513
-0.378281
-0.379050
-0.379820
-0.380592
-0.381365
-0.382140
-0.382916
-0.383693
-0.384471
-0.385251
-0.386032
-0.386814
-0.387597
-0.388381
-0.389166
-0.389952
-0.390740
-0.391528
-0.392317
-0.393106
-0.393897
-0.394688
-0.395480
-0.396273
-0.397066
-0.397860
-0.398654
-0.399449
-0.400244
-0.401040
-0.401835
-0.402631
-0.403427
-0.404223
-0.405020
-0.405816
-0.406612
-0.407407
-0.408203
-0.408998
-0.409793
-0.410587
-0.411380
-0.412173
-0.412965
-0.413756
-0.414546
-0.415335
-0.416123
-0.416910
-0.417695
-0.418479
-0.419261
-0.420042
-0.420820
-0.421597
-0.422371
-0.423143
-0.423913
-0.424681
-0.425445
-0.426207
-0.426966
-0.427722
-0.428475
-0.429224
-0.429970
-0.430712
-0.431450
-0.432183
-0.432913
-0.433638
-0.434358
-0.435074
-0.435784
-0.436489
-0.437188
-0.437882
-0.438569
-0.439251
-0.439926
-0.440594
-0.441255
-0.441908
-0.442554
-0.443193
-0.443823
-0.444444
-0.445057
-0.445661
-0.446255
-0.446840
-0.447414
-0.447978
-0.448531
-0.449073
-0.449603
-0.450122
-0.450627
-0.451120
-0.451600
-0.452066
-0.452518
-0.452954
-0.453376
-0.453782
-0.454172
-0.454545
-0.454901
-0.455239
-0.455559
-0.455859
-0.456140
-0.456401
-0.456641
-0.456859
-0.457054
-0.457227
-0.457376
-0.457501
-0.457600
-0.457673
-0.457719
-0.457738
-0.457728
-0.457688
-0.457618
-0.457516
-0.457383
-0.457215
-0.457014
-0.456777
-0.456503
-0.456192
-0.455841
-0.455451
-0.455020
-0.454545
-0.454027
-0.453464
-0.452854
-0.452196
-0.451489
-0.450730
-0.449919
-0.449054
-0.448133
-0.447154
-0.446117
-0.445017
-0.443855
-0.442629
-0.441335
-0.439972
-0.438538
-0.437032
-0.435450
-0.433790
-0.432050
-0.430228
-0.428321
-0.426327
-0.424242
-0.422065
-0.419792
-0.417421
-0.414948
-0.412371
-0.409686
-0.406891
-0.403981
-0.400954
-0.397805
-0.394532
-0.391131
-0.387597
-0.383927
-0.380117
-0.376163
-0.372060
-0.367804
-0.363390
-0.358814
-0.354072
-0.349158
-0.344066
-0.338794
-0.333333
-0.327681
-0.321830
-0.315775
-0.309510
-0.303030
-0.296328
-0.289398
-0.282234
-0.274829
-0.267176
-0.259268
-0.251099
-0.242661
-0.233946
-0.224949
-0.215660
-0.206073
-0.196179
-0.185970
-0.175439
-0.164576
-0.153374
-0.141825
-0.129918
-0.117647
-0.105002
-0.091974
-0.078555
-0.064735
-0.050505
-0.035857
-0.020781
-0.005269
0.010688
0.027100
0.043975
0.061322
0.079150
0.097466
0.116279
0.135597
0.155428
0.175779
0.196657
0.218069
0.240020
0.262518
0.285566
0.309170
0.333333
0.358060
0.383352
0.409211
0.435638
0.462633
0.490196
0.518324
0.547014
0.576261
0.606061
0.636405
0.667287
0.698697
0.730623
0.763052
0.795971
0.829364
0.863214
0.897500
0.932203
0.967300
1.002766
1.038576
1.074700
1.111111
1.147776
1.184663
1.221736
1.258960
1.296296
1.333706
1.371150
1.408584
1.445967
1.483254
1.520400
1.557361
1.594090
1.630541
1.666667
1.702421
1.737757
1.772628
1.806990
1.840796
1.874003
1.906568
1.938449
1.969606
2.000000
2.029594
2.058353
2.086245
2.113238
2.139303
2.164416
2.188552
2.211690
2.233812
2.254902
2.274946
2.293935
2.311859
2.328714
2.344498
2.359209
2.372849
2.385424
2.396941
2.407407
2.416835
2.425237
2.432628
2.439024
2.444444
2.448908
2.452435
2.455048
2.456771
2.457627
2.457641
2.456839
2.455247
2.452891
2.449799
2.445997
2.441514
2.436375
2.430609
2.424242
2.417303
2.409817
2.401810
2.393310
2.384342
2.374930
2.365099
2.354874
2.344278
2.333333
2.322063
2.310488
2.298630
2.286508
2.274143
2.261554
2.248757
2.235772
2.222615
2.209302
2.195849
2.182270
2.168581
2.154793
2.140921
2.126977
2.112973
2.098919
2.084827
2.070707
2.056568
2.042419
2.028270
2.014128
2.000000
1.985895
1.971818
1.957777
1.943777
1.929825
1.915924
1.902081
1.888300
1.874585
1.860941
1.847370
1.833877
1.820465
1.807136
1.793893
1.780739
1.767677
1.754707
1.741833
1.729055
1.716376
1.703796
1.691317
1.678941
1.666667
1.654496
1.642431
1.630470
1.618614
1.606864
1.595220
1.583683
1.572252
1.560926
1.549708
1.538595
1.527588
1.516686
1.505890
1.495199
1.484612
1.474129
1.463750
1.453473
1.443299
1.433226
1.423255
1.413384
1.403612
1.393939
1.384365
1.374888
1.365507
1.356222
1.347032
1.337936
1.328933
1.320023
1.311204
1.302476
1.293837
1.285288
1.276826
1.268451
1.260163
1.251959
1.243840
1.235805
1.227852
1.219981
1.212190
1.204480
1.196848
1.189295
1.181818
1.174418
1.167094
1.159844
1.152668
1.145564
1.138533
1.131573
1.124683
1.117863
1.111111
1.104427
1.097811
1.091260
1.084776
1.078355
1.071999
1.065706
1.059475
1.053306
1.047198
1.041149
1.035161
1.029231
1.023359
1.017544
1.011786
1.006083
1.000436
0.994844
0.989305
0.983819
0.978386
0.973005
0.967676
0.962396
0.957167
0.951988
0.946857
0.941775
0.936740
0.931752
0.926811
0.921915
0.917065
0.912260
0.907500
0.902783
0.898109
0.893478
0.888889
第一组插值结果为
-0.368421
-0.466949
-0.543192
-0.600489
-0.641785
-0.669676
-0.686441
-0.694069
-0.694297
-0.688626
-0.678355
-0.664596
-0.648296
-0.630258
-0.611155
-0.591545
-0.571888
-0.552555
-0.533840
-0.515972
-0.499121
-0.483411
-0.468922
-0.455699
-0.443759
-0.433093
-0.423674
-0.415458
-0.408389
-0.402403
-0.397427
-0.393387
-0.390203
-0.387797
-0.386090
-0.385006
-0.384468
-0.384408
-0.384757
-0.385452
-0.386435
-0.387652
-0.389054
-0.390597
-0.392241
-0.393950
-0.395696
-0.397450
-0.399192
-0.400902
-0.402565
-0.404169
-0.405705
-0.407168
-0.408552
-0.409857
-0.411081
-0.412227
-0.413298
-0.414296
-0.415228
-0.416099
-0.416914
-0.417680
-0.418404
-0.419093
-0.419752
-0.420388
-0.421008
-0.421617
-0.422221
-0.422825
-0.423432
-0.424048
-0.424675
-0.425317
-0.425976
-0.426653
-0.427350
-0.428068
-0.428806
-0.429566
-0.430345
-0.431144
-0.431961
-0.432794
-0.433641
-0.434500
-0.435370
-0.436246
-0.437127
-0.438011
-0.438893
-0.439772
-0.440645
-0.441508
-0.442361
-0.443199
-0.444020
-0.444823
-0.445605
-0.446365
-0.447100
-0.447809
-0.448491
-0.449144
-0.449769
-0.450363
-0.450927
-0.451460
-0.451962
-0.452433
-0.452874
-0.453284
-0.453665
-0.454016
-0.454340
-0.454636
-0.454905
-0.455149
-0.455369
-0.455565
-0.455740
-0.455893
-0.456026
-0.456140
-0.456237
-0.456316
-0.456379
-0.456426
-0.456459
-0.456478
-0.456482
-0.456473
-0.456450
-0.456414
-0.456364
-0.456299
-0.456220
-0.456125
-0.456014
-0.455886
-0.455738
-0.455571
-0.455383
-0.455171
-0.454934
-0.454671
-0.454378
-0.454054
-0.453696
-0.453301
-0.452868
-0.452394
-0.451876
-0.451310
-0.450695
-0.450027
-0.449303
-0.448520
-0.447676
-0.446767
-0.445790
-0.444743
-0.443622
-0.442424
-0.441146
-0.439786
-0.438341
-0.436808
-0.435183
-0.433465
-0.431650
-0.429737
-0.427722
-0.425604
-0.423378
-0.421044
-0.418599
-0.416040
-0.413366
-0.410573
-0.407659
-0.404623
-0.401462
-0.398174
-0.394756
-0.391206
-0.387521
-0.383699
-0.379738
-0.375634
-0.371385
-0.366988
-0.362440
-0.357737
-0.352876
-0.347853
-0.342665
-0.337308
-0.331777
-0.326067
-0.320175
-0.314095
-0.307821
-0.301349
-0.294671
-0.287783
-0.280678
-0.273348
-0.265787
-0.257988
-0.249943
-0.241643
-0.233080
-0.224247
-0.215133
-0.205731
-0.196030
-0.186020
-0.175693
-0.165037
-0.154043
-0.142700
-0.130998
-0.118925
-0.106470
-0.093624
-0.080375
-0.066711
-0.052622
-0.038098
-0.023126
-0.007698
0.008199
0.024573
0.041436
0.058797
0.076664
0.095047
0.113955
0.133395
0.153376
0.173902
0.194982
0.216621
0.238823
0.261592
0.284932
0.308845
0.333333
0.358396
0.384034
0.410246
0.437028
0.464377
0.492289
0.520758
0.549777
0.579337
0.609428
0.640041
0.671163
0.702781
0.734880
0.767445
0.800457
0.833900
0.867752
0.901993
0.936600
0.971550
1.006818
1.042378
1.078203
1.114263
1.150530
1.186974
1.223561
1.260260
1.297037
1.333858
1.370687
1.407488
1.444226
1.480861
1.517358
1.553676
1.589778
1.625625
1.661178
1.696397
1.731244
1.765678
1.799661
1.833155
1.866120
1.898520
1.930317
1.961473
1.991954
2.021724
2.050749
2.078996
2.106434
2.133031
2.158759
2.183590
2.207497
2.230456
2.252444
2.273439
2.293423
2.312378
2.330288
2.347140
2.362923
2.377627
2.391245
2.403772
2.415206
2.425547
2.434795
2.442955
2.450034
2.456040
2.460984
2.464880
2.467741
2.469587
2.470435
2.470309
2.469230
2.467225
2.464321
2.460547
2.455934
2.450512
2.444317
2.437382
2.429744
2.421440
2.412507
2.402985
2.392913
2.382330
2.371276
2.359792
2.347919
2.335695
2.323161
2.310357
2.297320
2.284088
2.270699
2.257188
2.243588
2.229934
2.216256
2.202583
2.188944
2.175363
2.161864
2.148469
2.135195
2.122060
2.109076
2.096255
2.083606
2.071134
2.058842
2.046731
2.034798
2.023037
2.011441
2.000000
1.988700
1.977526
1.966459
1.955481
1.944568
1.933697
1.922842
1.911976
1.901070
1.890095
1.879020
1.867815
1.856449
1.844891
1.833110
1.821078
1.808764
1.796144
1.783190
1.769882
1.756197
1.742119
1.727634
1.712732
1.697406
1.681654
1.665481
1.648893
1.631905
1.614535
1.596810
1.578760
1.560423
1.541844
1.523073
1.504169
1.485196
1.466225
1.447334
1.428607
1.410135
1.392013
1.374343
1.357232
1.340792
1.325136
1.310384
1.296655
1.284071
1.272753
1.262822
1.254396
1.247592
1.242518
1.239278
1.237968
1.238671
1.241463
1.246401
1.253529
1.262873
1.274436
1.288202
1.304127
1.322141
1.342145
1.364007
1.387559
1.412600
1.438885
1.466133
1.494015
1.522161
1.550151
1.577517
1.603745
1.628267
1.650468
1.669678
1.685183
1.696217
1.701968
1.701582
1.694163
1.678781
1.654477
1.620265
1.575150
1.518128
1.448202
1.364395
1.265764
1.151415
1.020529
0.872373
0.706336
0.521948
0.318914
0.097147
-0.143191
-0.401655
-0.677464
-0.969451
-1.276014
-1.595048
-1.923882
-2.259205
-2.596989
-2.932401
-3.259711
-3.572188
-3.861993
-4.120058
-4.335959
-4.497773
-4.591935
-4.603069
-4.513818
-4.304658
-3.953694
-3.436447
-2.725618
-1.790849
-0.598448
0.888889
第二组插值结果为
-0.376354
-0.369566
-0.365532
-0.363650
-0.363407
-0.364374
-0.366194
-0.368572
-0.371269
-0.374097
-0.376905
-0.379581
-0.382042
-0.384233
-0.386119
-0.387682
-0.388921
-0.389845
-0.390474
-0.390834
-0.390954
-0.390870
-0.390618
-0.390235
-0.389758
-0.389222
-0.388662
-0.388110
-0.387594
-0.387141
-0.386774
-0.386512
-0.386372
-0.386368
-0.386509
-0.386802
-0.387251
-0.387857
-0.388619
-0.389533
-0.390592
-0.391790
-0.393116
-0.394560
-0.396109
-0.397751
-0.399472
-0.401258
-0.403095
-0.404967
-0.406860
-0.408760
-0.410653
-0.412527
-0.414367
-0.416163
-0.417904
-0.419578
-0.421178
-0.422695
-0.424122
-0.425453
-0.426684
-0.427811
-0.428832
-0.429744
-0.430549
-0.431245
-0.431836
-0.432324
-0.432711
-0.433003
-0.433205
-0.433321
-0.433359
-0.433326
-0.433228
-0.433073
-0.432870
-0.432626
-0.432351
-0.432052
-0.431739
-0.431419
-0.431101
-0.430794
-0.430505
-0.430242
-0.430012
-0.429823
-0.429680
-0.429591
-0.429560
-0.429592
-0.429692
-0.429864
-0.430111
-0.430436
-0.430840
-0.431325
-0.431891
-0.432539
-0.433268
-0.434077
-0.434964
-0.435927
-0.436962
-0.438067
-0.439237
-0.440468
-0.441755
-0.443093
-0.444475
-0.445895
-0.447348
-0.448827
-0.450324
-0.451832
-0.453345
-0.454854
-0.456353
-0.457833
-0.459288
-0.460709
-0.462089
-0.463422
-0.464700
-0.465915
-0.467063
-0.468134
-0.469125
-0.470028
-0.470839
-0.471552
-0.472163
-0.472666
-0.473059
-0.473337
-0.473497
-0.473538
-0.473456
-0.473250
-0.472919
-0.472461
-0.471878
-0.471168
-0.470333
-0.469373
-0.468291
-0.467087
-0.465764
-0.464325
-0.462772
-0.461110
-0.459342
-0.457471
-0.455502
-0.453440
-0.451288
-0.449053
-0.446738
-0.444348
-0.441890
-0.439367
-0.436785
-0.434150
-0.431465
-0.428737
-0.425969
-0.423167
-0.420334
-0.417475
-0.414594
-0.411695
-0.408779
-0.405851
-0.402913
-0.399966
-0.397012
-0.394053
-0.391088
-0.388118
-0.385143
-0.382160
-0.379169
-0.376167
-0.373151
-0.370117
-0.367062
-0.363981
-0.360868
-0.357717
-0.354521
-0.351274
-0.347966
-0.344590
-0.341136
-0.337594
-0.333954
-0.330204
-0.326335
-0.322332
-0.318183
-0.313877
-0.309398
-0.304732
-0.299867
-0.294786
-0.289475
-0.283918
-0.278100
-0.272004
-0.265615
-0.258917
-0.251894
-0.244528
-0.236804
-0.228705
-0.220216
-0.211319
-0.202000
-0.192243
-0.182031
-0.171351
-0.160186
-0.148524
-0.136350
-0.123651
-0.110414
-0.096626
-0.082277
-0.067354
-0.051849
-0.035751
-0.019053
-0.001745
0.016178
0.034724
0.053896
0.073699
0.094137
0.115211
0.136922
0.159271
0.182257
0.205876
0.230127
0.255004
0.280502
0.306614
0.333333
0.360650
0.388553
0.417033
0.446076
0.475669
0.505798
0.536446
0.567596
0.599231
0.631332
0.663878
0.696848
0.730221
0.763973
0.798081
0.832519
0.867262
0.902285
0.937558
0.973056
1.008748
1.044607
1.080602
1.116703
1.152880
1.189101
1.225336
1.261551
1.297716
1.333798
1.369766
1.405585
1.441225
1.476653
1.511837
1.546745
1.581345
1.615605
1.649495
1.682983
1.716040
1.748636
1.780741
1.812327
1.843367
1.873833
1.903698
1.932937
1.961526
1.989441
2.016660
2.043159
2.068920
2.093921
2.118145
2.141574
2.164193
2.185986
2.206939
2.227040
2.246277
2.264642
2.282124
2.298717
2.314414
2.329212
2.343105
2.356093
2.368174
2.379349
2.389620
2.398989
2.407461
2.415041
2.421737
2.427555
2.432505
2.436597
2.439842
2.442253
2.443842
2.444625
2.444616
2.443832
2.442290
2.440007
2.437001
2.433293
2.428902
2.423848
2.418154
2.411839
2.404926
2.397438
2.389397
2.380827
2.371749
2.362189
2.352168
2.341711
2.330842
2.319582
2.307957
2.295989
2.283701
2.271115
2.258254
2.245140
2.231795
2.218240
2.204495
2.190581
2.176516
2.162321
2.148014
2.133612
2.119132
2.104592
2.090005
2.075388
2.060755
2.046118
2.031491
2.016885
2.002312
1.987782
1.973305
1.958888
1.944541
1.930271
1.916083
1.901985
1.887981
1.874075
1.860272
1.846575
1.832986
1.819507
1.806141
1.792887
1.779748
1.766722
1.753809
1.741010
1.728323
1.715747
1.703280
1.690922
1.678670
1.666522
1.654477
1.642533
1.630687
1.618938
1.607284
1.595723
1.584253
1.572873
1.561581
1.550377
1.539259
1.528226
1.517279
1.506416
1.495638
1.484944
1.474337
1.463815
1.453380
1.443034
1.432778
1.422613
1.412541
1.402565
1.392685
1.382906
1.373228
1.363654
1.354187
1.344829
1.335581
1.326446
1.317427
1.308524
1.299739
1.291073
1.282528
1.274103
1.265800
1.257617
1.249554
1.241609
1.233781
1.226068
1.218467
1.210974
1.203587
1.196299
1.189107
1.182005
1.174988
1.168049
1.161181
1.154379
1.147634
1.140941
1.134291
1.127678
1.121095
1.114535
1.107992
1.101460
1.094935
1.088412
1.081888
1.075360
1.068829
1.062295
1.055758
1.049224
1.042697
1.036183
1.029693
1.023235
1.016822
1.010467
1.004187
0.997996
0.991913
0.985955
0.980141
0.974487
0.969011
0.963726
0.958644
0.953772
0.949110
0.944654
0.940387
0.936285
0.932308
0.928399
0.924483
0.920464
0.916216
0.911585
0.906379
0.900368
0.893273
0.884762
第一组插值误差为         5.529879571592e+00
第二组插值误差为         4.202636884907e-02

--------------------------------
Process exited after 4.229 seconds with return value 0
请按任意键继续. . .
