N+1个插值节点, 请输入N值(示例4,8,16,32)
32
自变量值为
-5.000000
-4.980000
-4.960000
-4.940000
-4.920000
-4.900000
-4.880000
-4.860000
-4.840000
-4.820000
-4.800000
-4.780000
-4.760000
-4.740000
-4.720000
-4.700000
-4.680000
-4.660000
-4.640000
-4.620000
-4.600000
-4.580000
-4.560000
-4.540000
-4.520000
-4.500000
-4.480000
-4.460000
-4.440000
-4.420000
-4.400000
-4.380000
-4.360000
-4.340000
-4.320000
-4.300000
-4.280000
-4.260000
-4.240000
-4.220000
-4.200000
-4.180000
-4.160000
-4.140000
-4.120000
-4.100000
-4.080000
-4.060000
-4.040000
-4.020000
-4.000000
-3.980000
-3.960000
-3.940000
-3.920000
-3.900000
-3.880000
-3.860000
-3.840000
-3.820000
-3.800000
-3.780000
-3.760000
-3.740000
-3.720000
-3.700000
-3.680000
-3.660000
-3.640000
-3.620000
-3.600000
-3.580000
-3.560000
-3.540000
-3.520000
-3.500000
-3.480000
-3.460000
-3.440000
-3.420000
-3.400000
-3.380000
-3.360000
-3.340000
-3.320000
-3.300000
-3.280000
-3.260000
-3.240000
-3.220000
-3.200000
-3.180000
-3.160000
-3.140000
-3.120000
-3.100000
-3.080000
-3.060000
-3.040000
-3.020000
-3.000000
-2.980000
-2.960000
-2.940000
-2.920000
-2.900000
-2.880000
-2.860000
-2.840000
-2.820000
-2.800000
-2.780000
-2.760000
-2.740000
-2.720000
-2.700000
-2.680000
-2.660000
-2.640000
-2.620000
-2.600000
-2.580000
-2.560000
-2.540000
-2.520000
-2.500000
-2.480000
-2.460000
-2.440000
-2.420000
-2.400000
-2.380000
-2.360000
-2.340000
-2.320000
-2.300000
-2.280000
-2.260000
-2.240000
-2.220000
-2.200000
-2.180000
-2.160000
-2.140000
-2.120000
-2.100000
-2.080000
-2.060000
-2.040000
-2.020000
-2.000000
-1.980000
-1.960000
-1.940000
-1.920000
-1.900000
-1.880000
-1.860000
-1.840000
-1.820000
-1.800000
-1.780000
-1.760000
-1.740000
-1.720000
-1.700000
-1.680000
-1.660000
-1.640000
-1.620000
-1.600000
-1.580000
-1.560000
-1.540000
-1.520000
-1.500000
-1.480000
-1.460000
-1.440000
-1.420000
-1.400000
-1.380000
-1.360000
-1.340000
-1.320000
-1.300000
-1.280000
-1.260000
-1.240000
-1.220000
-1.200000
-1.180000
-1.160000
-1.140000
-1.120000
-1.100000
-1.080000
-1.060000
-1.040000
-1.020000
-1.000000
-0.980000
-0.960000
-0.940000
-0.920000
-0.900000
-0.880000
-0.860000
-0.840000
-0.820000
-0.800000
-0.780000
-0.760000
-0.740000
-0.720000
-0.700000
-0.680000
-0.660000
-0.640000
-0.620000
-0.600000
-0.580000
-0.560000
-0.540000
-0.520000
-0.500000
-0.480000
-0.460000
-0.440000
-0.420000
-0.400000
-0.380000
-0.360000
-0.340000
-0.320000
-0.300000
-0.280000
-0.260000
-0.240000
-0.220000
-0.200000
-0.180000
-0.160000
-0.140000
-0.120000
-0.100000
-0.080000
-0.060000
-0.040000
-0.020000
0.000000
0.020000
0.040000
0.060000
0.080000
0.100000
0.120000
0.140000
0.160000
0.180000
0.200000
0.220000
0.240000
0.260000
0.280000
0.300000
0.320000
0.340000
0.360000
0.380000
0.400000
0.420000
0.440000
0.460000
0.480000
0.500000
0.520000
0.540000
0.560000
0.580000
0.600000
0.620000
0.640000
0.660000
0.680000
0.700000
0.720000
0.740000
0.760000
0.780000
0.800000
0.820000
0.840000
0.860000
0.880000
0.900000
0.920000
0.940000
0.960000
0.980000
1.000000
1.020000
1.040000
1.060000
1.080000
1.100000
1.120000
1.140000
1.160000
1.180000
1.200000
1.220000
1.240000
1.260000
1.280000
1.300000
1.320000
1.340000
1.360000
1.380000
1.400000
1.420000
1.440000
1.460000
1.480000
1.500000
1.520000
1.540000
1.560000
1.580000
1.600000
1.620000
1.640000
1.660000
1.680000
1.700000
1.720000
1.740000
1.760000
1.780000
1.800000
1.820000
1.840000
1.860000
1.880000
1.900000
1.920000
1.940000
1.960000
1.980000
2.000000
2.020000
2.040000
2.060000
2.080000
2.100000
2.120000
2.140000
2.160000
2.180000
2.200000
2.220000
2.240000
2.260000
2.280000
2.300000
2.320000
2.340000
2.360000
2.380000
2.400000
2.420000
2.440000
2.460000
2.480000
2.500000
2.520000
2.540000
2.560000
2.580000
2.600000
2.620000
2.640000
2.660000
2.680000
2.700000
2.720000
2.740000
2.760000
2.780000
2.800000
2.820000
2.840000
2.860000
2.880000
2.900000
2.920000
2.940000
2.960000
2.980000
3.000000
3.020000
3.040000
3.060000
3.080000
3.100000
3.120000
3.140000
3.160000
3.180000
3.200000
3.220000
3.240000
3.260000
3.280000
3.300000
3.320000
3.340000
3.360000
3.380000
3.400000
3.420000
3.440000
3.460000
3.480000
3.500000
3.520000
3.540000
3.560000
3.580000
3.600000
3.620000
3.640000
3.660000
3.680000
3.700000
3.720000
3.740000
3.760000
3.780000
3.800000
3.820000
3.840000
3.860000
3.880000
3.900000
3.920000
3.940000
3.960000
3.980000
4.000000
4.020000
4.040000
4.060000
4.080000
4.100000
4.120000
4.140000
4.160000
4.180000
4.200000
4.220000
4.240000
4.260000
4.280000
4.300000
4.320000
4.340000
4.360000
4.380000
4.400000
4.420000
4.440000
4.460000
4.480000
4.500000
4.520000
4.540000
4.560000
4.580000
4.600000
4.620000
4.640000
4.660000
4.680000
4.700000
4.720000
4.740000
4.760000
4.780000
4.800000
4.820000
4.840000
4.860000
4.880000
4.900000
4.920000
4.940000
4.960000
4.980000
5.000000
精确值为
-0.368421
-0.369170
-0.369920
-0.370672
-0.371426
-0.372181
-0.372938
-0.373697
-0.374457
-0.375219
-0.375982
-0.376747
-0.377513
-0.378281
-0.379050
-0.379820
-0.380592
-0.381365
-0.382140
-0.382916
-0.383693
-0.384471
-0.385251
-0.386032
-0.386814
-0.387597
-0.388381
-0.389166
-0.389952
-0.390740
-0.391528
-0.392317
-0.393106
-0.393897
-0.394688
-0.395480
-0.396273
-0.397066
-0.397860
-0.398654
-0.399449
-0.400244
-0.401040
-0.401835
-0.402631
-0.403427
-0.404223
-0.405020
-0.405816
-0.406612
-0.407407
-0.408203
-0.408998
-0.409793
-0.410587
-0.411380
-0.412173
-0.412965
-0.413756
-0.414546
-0.415335
-0.416123
-0.416910
-0.417695
-0.418479
-0.419261
-0.420042
-0.420820
-0.421597
-0.422371
-0.423143
-0.423913
-0.424681
-0.425445
-0.426207
-0.426966
-0.427722
-0.428475
-0.429224
-0.429970
-0.430712
-0.431450
-0.432183
-0.432913
-0.433638
-0.434358
-0.435074
-0.435784
-0.436489
-0.437188
-0.437882
-0.438569
-0.439251
-0.439926
-0.440594
-0.441255
-0.441908
-0.442554
-0.443193
-0.443823
-0.444444
-0.445057
-0.445661
-0.446255
-0.446840
-0.447414
-0.447978
-0.448531
-0.449073
-0.449603
-0.450122
-0.450627
-0.451120
-0.451600
-0.452066
-0.452518
-0.452954
-0.453376
-0.453782
-0.454172
-0.454545
-0.454901
-0.455239
-0.455559
-0.455859
-0.456140
-0.456401
-0.456641
-0.456859
-0.457054
-0.457227
-0.457376
-0.457501
-0.457600
-0.457673
-0.457719
-0.457738
-0.457728
-0.457688
-0.457618
-0.457516
-0.457383
-0.457215
-0.457014
-0.456777
-0.456503
-0.456192
-0.455841
-0.455451
-0.455020
-0.454545
-0.454027
-0.453464
-0.452854
-0.452196
-0.451489
-0.450730
-0.449919
-0.449054
-0.448133
-0.447154
-0.446117
-0.445017
-0.443855
-0.442629
-0.441335
-0.439972
-0.438538
-0.437032
-0.435450
-0.433790
-0.432050
-0.430228
-0.428321
-0.426327
-0.424242
-0.422065
-0.419792
-0.417421
-0.414948
-0.412371
-0.409686
-0.406891
-0.403981
-0.400954
-0.397805
-0.394532
-0.391131
-0.387597
-0.383927
-0.380117
-0.376163
-0.372060
-0.367804
-0.363390
-0.358814
-0.354072
-0.349158
-0.344066
-0.338794
-0.333333
-0.327681
-0.321830
-0.315775
-0.309510
-0.303030
-0.296328
-0.289398
-0.282234
-0.274829
-0.267176
-0.259268
-0.251099
-0.242661
-0.233946
-0.224949
-0.215660
-0.206073
-0.196179
-0.185970
-0.175439
-0.164576
-0.153374
-0.141825
-0.129918
-0.117647
-0.105002
-0.091974
-0.078555
-0.064735
-0.050505
-0.035857
-0.020781
-0.005269
0.010688
0.027100
0.043975
0.061322
0.079150
0.097466
0.116279
0.135597
0.155428
0.175779
0.196657
0.218069
0.240020
0.262518
0.285566
0.309170
0.333333
0.358060
0.383352
0.409211
0.435638
0.462633
0.490196
0.518324
0.547014
0.576261
0.606061
0.636405
0.667287
0.698697
0.730623
0.763052
0.795971
0.829364
0.863214
0.897500
0.932203
0.967300
1.002766
1.038576
1.074700
1.111111
1.147776
1.184663
1.221736
1.258960
1.296296
1.333706
1.371150
1.408584
1.445967
1.483254
1.520400
1.557361
1.594090
1.630541
1.666667
1.702421
1.737757
1.772628
1.806990
1.840796
1.874003
1.906568
1.938449
1.969606
2.000000
2.029594
2.058353
2.086245
2.113238
2.139303
2.164416
2.188552
2.211690
2.233812
2.254902
2.274946
2.293935
2.311859
2.328714
2.344498
2.359209
2.372849
2.385424
2.396941
2.407407
2.416835
2.425237
2.432628
2.439024
2.444444
2.448908
2.452435
2.455048
2.456771
2.457627
2.457641
2.456839
2.455247
2.452891
2.449799
2.445997
2.441514
2.436375
2.430609
2.424242
2.417303
2.409817
2.401810
2.393310
2.384342
2.374930
2.365099
2.354874
2.344278
2.333333
2.322063
2.310488
2.298630
2.286508
2.274143
2.261554
2.248757
2.235772
2.222615
2.209302
2.195849
2.182270
2.168581
2.154793
2.140921
2.126977
2.112973
2.098919
2.084827
2.070707
2.056568
2.042419
2.028270
2.014128
2.000000
1.985895
1.971818
1.957777
1.943777
1.929825
1.915924
1.902081
1.888300
1.874585
1.860941
1.847370
1.833877
1.820465
1.807136
1.793893
1.780739
1.767677
1.754707
1.741833
1.729055
1.716376
1.703796
1.691317
1.678941
1.666667
1.654496
1.642431
1.630470
1.618614
1.606864
1.595220
1.583683
1.572252
1.560926
1.549708
1.538595
1.527588
1.516686
1.505890
1.495199
1.484612
1.474129
1.463750
1.453473
1.443299
1.433226
1.423255
1.413384
1.403612
1.393939
1.384365
1.374888
1.365507
1.356222
1.347032
1.337936
1.328933
1.320023
1.311204
1.302476
1.293837
1.285288
1.276826
1.268451
1.260163
1.251959
1.243840
1.235805
1.227852
1.219981
1.212190
1.204480
1.196848
1.189295
1.181818
1.174418
1.167094
1.159844
1.152668
1.145564
1.138533
1.131573
1.124683
1.117863
1.111111
1.104427
1.097811
1.091260
1.084776
1.078355
1.071999
1.065706
1.059475
1.053306
1.047198
1.041149
1.035161
1.029231
1.023359
1.017544
1.011786
1.006083
1.000436
0.994844
0.989305
0.983819
0.978386
0.973005
0.967676
0.962396
0.957167
0.951988
0.946857
0.941775
0.936740
0.931752
0.926811
0.921915
0.917065
0.912260
0.907500
0.902783
0.898109
0.893478
0.888889
第一组插值结果为
-0.368421
137.683097
210.881269
240.110125
240.746497
223.921116
197.521970
166.987647
135.930336
106.621280
80.365784
57.790016
39.057805
24.032298
12.394485
3.728318
-2.419797
-6.500919
-8.937999
-10.110943
-10.349319
-9.930388
-9.080697
-7.979924
-6.765991
-5.540755
-4.375780
-3.317869
-2.394147
-1.616582
-0.985893
-0.494841
-0.130930
0.121429
0.279239
0.359661
0.379107
0.352636
0.293576
0.213346
0.121413
0.025354
-0.069011
-0.157434
-0.237033
-0.306080
-0.363785
-0.410099
-0.445527
-0.470970
-0.487584
-0.496665
-0.499555
-0.497574
-0.491957
-0.483827
-0.474163
-0.463797
-0.453402
-0.443505
-0.434494
-0.426632
-0.420072
-0.414877
-0.411034
-0.408475
-0.407087
-0.406728
-0.407243
-0.408466
-0.410237
-0.412402
-0.414822
-0.417373
-0.419950
-0.422468
-0.424859
-0.427074
-0.429082
-0.430865
-0.432418
-0.433747
-0.434865
-0.435793
-0.436555
-0.437178
-0.437688
-0.438113
-0.438479
-0.438809
-0.439124
-0.439441
-0.439775
-0.440135
-0.440530
-0.440963
-0.441438
-0.441954
-0.442507
-0.443095
-0.443711
-0.444351
-0.445008
-0.445675
-0.446347
-0.447016
-0.447678
-0.448328
-0.448961
-0.449575
-0.450166
-0.450733
-0.451274
-0.451789
-0.452277
-0.452739
-0.453177
-0.453589
-0.453979
-0.454346
-0.454692
-0.455018
-0.455325
-0.455614
-0.455886
-0.456140
-0.456378
-0.456598
-0.456800
-0.456985
-0.457150
-0.457296
-0.457421
-0.457524
-0.457603
-0.457658
-0.457687
-0.457687
-0.457659
-0.457601
-0.457510
-0.457386
-0.457228
-0.457034
-0.456802
-0.456533
-0.456224
-0.455875
-0.455484
-0.455051
-0.454574
-0.454052
-0.453485
-0.452870
-0.452207
-0.451495
-0.450732
-0.449916
-0.449047
-0.448123
-0.447141
-0.446102
-0.445001
-0.443839
-0.442612
-0.441320
-0.439958
-0.438527
-0.437022
-0.435442
-0.433785
-0.432048
-0.430229
-0.428324
-0.426331
-0.424249
-0.422073
-0.419801
-0.417430
-0.414957
-0.412380
-0.409695
-0.406898
-0.403987
-0.400959
-0.397809
-0.394534
-0.391131
-0.387596
-0.383925
-0.380114
-0.376158
-0.372055
-0.367798
-0.363384
-0.358809
-0.354066
-0.349152
-0.344062
-0.338790
-0.333330
-0.327679
-0.321829
-0.315775
-0.309511
-0.303032
-0.296331
-0.289401
-0.282238
-0.274832
-0.267179
-0.259272
-0.251102
-0.242664
-0.233949
-0.224951
-0.215662
-0.206074
-0.196179
-0.185970
-0.175438
-0.164575
-0.153372
-0.141822
-0.129916
-0.117644
-0.104999
-0.091971
-0.078552
-0.064732
-0.050503
-0.035855
-0.020780
-0.005269
0.010689
0.027100
0.043975
0.061321
0.079148
0.097464
0.116277
0.135595
0.155426
0.175777
0.196655
0.218067
0.240019
0.262516
0.285565
0.309169
0.333333
0.358060
0.383352
0.409212
0.435639
0.462635
0.490198
0.518325
0.547015
0.576263
0.606062
0.636407
0.667288
0.698697
0.730623
0.763052
0.795971
0.829364
0.863213
0.897500
0.932203
0.967299
1.002766
1.038575
1.074700
1.111111
1.147776
1.184663
1.221736
1.258960
1.296296
1.333706
1.371149
1.408584
1.445966
1.483253
1.520400
1.557360
1.594089
1.630539
1.666665
1.702419
1.737755
1.772627
1.806988
1.840795
1.874003
1.906568
1.938450
1.969608
2.000002
2.029597
2.058357
2.086249
2.113243
2.139309
2.164422
2.188558
2.211696
2.233817
2.254906
2.274949
2.293936
2.311858
2.328712
2.344493
2.359202
2.372841
2.385414
2.396929
2.407394
2.416821
2.425223
2.432615
2.439012
2.444434
2.448900
2.452431
2.455048
2.456775
2.457635
2.457654
2.456856
2.455268
2.452916
2.449827
2.446027
2.441544
2.436405
2.430637
2.424267
2.417323
2.409831
2.401817
2.393308
2.384330
2.374908
2.365067
2.354833
2.344227
2.333275
2.321999
2.310420
2.298561
2.286442
2.274082
2.261501
2.248716
2.235747
2.222608
2.209316
2.195885
2.182330
2.168664
2.154900
2.141049
2.127123
2.113132
2.099086
2.084995
2.070868
2.056714
2.042542
2.028360
2.014176
2.000000
1.985839
1.971702
1.957597
1.943534
1.929519
1.915563
1.901673
1.887857
1.874124
1.860480
1.846933
1.833487
1.820148
1.806919
1.793802
1.780798
1.767907
1.755125
1.742448
1.729870
1.717383
1.704979
1.692646
1.680375
1.668154
1.655971
1.643816
1.631682
1.619561
1.607450
1.595349
1.583264
1.571205
1.559187
1.547234
1.535374
1.523641
1.512077
1.500727
1.489642
1.478874
1.468475
1.458496
1.448982
1.439970
1.431483
1.423531
1.416099
1.409152
1.402625
1.396420
1.390408
1.384422
1.378261
1.371691
1.364448
1.356244
1.346778
1.335749
1.322869
1.307884
1.290595
1.270885
1.248747
1.224313
1.197884
1.169962
1.141277
1.112810
1.085809
1.061800
1.042571
1.030158
1.026793
1.034834
1.056670
1.094585
1.150587
1.226208
1.322246
1.438491
1.573396
1.723732
1.884223
2.047176
2.202136
2.335589
2.430748
2.467472
2.422375
2.269178
1.979399
1.523443
0.872214
-0.000675
-1.115975
-2.485058
-4.105265
-5.954279
-7.983480
-10.110302
-12.209698
-14.104907
-15.557911
-16.260123
-15.824175
-13.777978
-9.562703
-2.536910
8.010239
22.832831
42.684142
68.248280
100.039469
138.258784
182.595604
231.957994
284.112449
335.208980
379.162135
406.852125
405.102556
355.382187
232.167342
0.888889
第二组插值结果为
-0.368334
-0.369256
-0.369965
-0.370638
-0.371344
-0.372097
-0.372887
-0.373695
-0.374502
-0.375296
-0.376073
-0.376831
-0.377574
-0.378308
-0.379040
-0.379776
-0.380521
-0.381277
-0.382046
-0.382829
-0.383622
-0.384425
-0.385233
-0.386044
-0.386855
-0.387662
-0.388465
-0.389261
-0.390050
-0.390832
-0.391607
-0.392378
-0.393145
-0.393910
-0.394675
-0.395442
-0.396212
-0.396987
-0.397767
-0.398554
-0.399347
-0.400146
-0.400952
-0.401763
-0.402577
-0.403395
-0.404215
-0.405035
-0.405854
-0.406671
-0.407485
-0.408295
-0.409101
-0.409901
-0.410695
-0.411484
-0.412268
-0.413047
-0.413821
-0.414592
-0.415359
-0.416125
-0.416889
-0.417652
-0.418416
-0.419180
-0.419946
-0.420713
-0.421483
-0.422254
-0.423028
-0.423803
-0.424580
-0.425357
-0.426136
-0.426913
-0.427690
-0.428464
-0.429236
-0.430003
-0.430766
-0.431523
-0.432274
-0.433018
-0.433754
-0.434482
-0.435201
-0.435911
-0.436612
-0.437304
-0.437986
-0.438659
-0.439323
-0.439979
-0.440626
-0.441265
-0.441896
-0.442520
-0.443137
-0.443747
-0.444350
-0.444947
-0.445538
-0.446123
-0.446701
-0.447273
-0.447838
-0.448396
-0.448946
-0.449488
-0.450021
-0.450544
-0.451057
-0.451558
-0.452046
-0.452521
-0.452982
-0.453426
-0.453854
-0.454265
-0.454656
-0.455028
-0.455379
-0.455708
-0.456015
-0.456299
-0.456559
-0.456794
-0.457004
-0.457188
-0.457346
-0.457477
-0.457582
-0.457659
-0.457709
-0.457730
-0.457724
-0.457688
-0.457624
-0.457531
-0.457408
-0.457254
-0.457070
-0.456854
-0.456607
-0.456326
-0.456011
-0.455661
-0.455274
-0.454850
-0.454388
-0.453884
-0.453339
-0.452750
-0.452115
-0.451433
-0.450701
-0.449917
-0.449080
-0.448186
-0.447235
-0.446222
-0.445147
-0.444007
-0.442799
-0.441521
-0.440170
-0.438745
-0.437243
-0.435661
-0.433998
-0.432250
-0.430416
-0.428494
-0.426480
-0.424373
-0.422171
-0.419871
-0.417470
-0.414966
-0.412357
-0.409641
-0.406814
-0.403874
-0.400817
-0.397642
-0.394345
-0.390923
-0.387372
-0.383689
-0.379870
-0.375911
-0.371808
-0.367557
-0.363152
-0.358591
-0.353866
-0.348974
-0.343909
-0.338666
-0.333238
-0.327619
-0.321804
-0.315787
-0.309559
-0.303116
-0.296451
-0.289555
-0.282423
-0.275047
-0.267419
-0.259534
-0.251382
-0.242956
-0.234249
-0.225254
-0.215962
-0.206366
-0.196457
-0.186229
-0.175673
-0.164782
-0.153547
-0.141961
-0.130015
-0.117701
-0.105012
-0.091940
-0.078476
-0.064612
-0.050340
-0.035651
-0.020539
-0.004993
0.010994
0.027430
0.044324
0.061683
0.079517
0.097834
0.116641
0.135946
0.155758
0.176083
0.196930
0.218306
0.240216
0.262669
0.285669
0.309222
0.333333
0.358007
0.383246
0.409054
0.435432
0.462381
0.489901
0.517992
0.546650
0.575871
0.605652
0.635984
0.666862
0.698274
0.730210
0.762657
0.795601
0.829026
0.862913
0.897243
0.931995
0.967144
1.002665
1.038531
1.074714
1.111183
1.147904
1.184845
1.221970
1.259240
1.296619
1.334064
1.371537
1.408993
1.446390
1.483684
1.520830
1.557782
1.594495
1.630922
1.667017
1.702735
1.738029
1.772854
1.807166
1.840920
1.874074
1.906585
1.938413
1.969518
1.999863
2.029411
2.058130
2.085985
2.112948
2.138989
2.164085
2.188210
2.211344
2.233468
2.254567
2.274626
2.293635
2.311585
2.328470
2.344287
2.359035
2.372714
2.385328
2.396885
2.407391
2.416857
2.425295
2.432719
2.439146
2.444592
2.449078
2.452623
2.455250
2.456981
2.457841
2.457855
2.457049
2.455448
2.453080
2.449972
2.446152
2.441648
2.436488
2.430699
2.424309
2.417346
2.409837
2.401809
2.393288
2.384301
2.374872
2.365027
2.354790
2.344185
2.333234
2.321959
2.310383
2.298526
2.286408
2.274048
2.261465
2.248678
2.235702
2.222556
2.209254
2.195812
2.182244
2.168565
2.154788
2.140925
2.126990
2.112992
2.098945
2.084858
2.070741
2.056604
2.042456
2.028306
2.014163
2.000033
1.985925
1.971845
1.957800
1.943797
1.929840
1.915936
1.902089
1.888305
1.874588
1.860941
1.847369
1.833875
1.820462
1.807133
1.793891
1.780739
1.767677
1.754709
1.741837
1.729060
1.716382
1.703804
1.691326
1.678949
1.666675
1.654504
1.642436
1.630474
1.618616
1.606863
1.595216
1.583675
1.572240
1.560911
1.549689
1.538574
1.527564
1.516661
1.505864
1.495172
1.484586
1.474105
1.463728
1.453455
1.443285
1.433218
1.423252
1.413387
1.403621
1.393954
1.384386
1.374914
1.365538
1.356256
1.347069
1.337974
1.328971
1.320059
1.311237
1.302504
1.293859
1.285303
1.276833
1.268451
1.260154
1.251942
1.243816
1.235773
1.227815
1.219940
1.212147
1.204436
1.196806
1.189256
1.181785
1.174393
1.167077
1.159837
1.152671
1.145578
1.138557
1.131605
1.124723
1.117907
1.111158
1.104474
1.097854
1.091298
1.084805
1.078374
1.072005
1.065700
1.059456
1.053276
1.047158
1.041103
1.035112
1.029183
1.023316
1.017510
1.011764
1.006077
1.000446
0.994868
0.989342
0.983866
0.978437
0.973053
0.967714
0.962420
0.957172
0.951973
0.946823
0.941728
0.936689
0.931708
0.926786
0.921917
0.917095
0.912309
0.907547
0.902803
0.898083
0.893428
0.888940
第一组插值误差为         4.059446252083e+02
第二组插值误差为         4.307034967522e-04

--------------------------------
Process exited after 19.8 seconds with return value 0
请按任意键继续. . .
