N+1个插值节点, 请输入N值(示例4,8,16,32)
4
自变量值为
-5.000000
-4.980000
-4.960000
-4.940000
-4.920000
-4.900000
-4.880000
-4.860000
-4.840000
-4.820000
-4.800000
-4.780000
-4.760000
-4.740000
-4.720000
-4.700000
-4.680000
-4.660000
-4.640000
-4.620000
-4.600000
-4.580000
-4.560000
-4.540000
-4.520000
-4.500000
-4.480000
-4.460000
-4.440000
-4.420000
-4.400000
-4.380000
-4.360000
-4.340000
-4.320000
-4.300000
-4.280000
-4.260000
-4.240000
-4.220000
-4.200000
-4.180000
-4.160000
-4.140000
-4.120000
-4.100000
-4.080000
-4.060000
-4.040000
-4.020000
-4.000000
-3.980000
-3.960000
-3.940000
-3.920000
-3.900000
-3.880000
-3.860000
-3.840000
-3.820000
-3.800000
-3.780000
-3.760000
-3.740000
-3.720000
-3.700000
-3.680000
-3.660000
-3.640000
-3.620000
-3.600000
-3.580000
-3.560000
-3.540000
-3.520000
-3.500000
-3.480000
-3.460000
-3.440000
-3.420000
-3.400000
-3.380000
-3.360000
-3.340000
-3.320000
-3.300000
-3.280000
-3.260000
-3.240000
-3.220000
-3.200000
-3.180000
-3.160000
-3.140000
-3.120000
-3.100000
-3.080000
-3.060000
-3.040000
-3.020000
-3.000000
-2.980000
-2.960000
-2.940000
-2.920000
-2.900000
-2.880000
-2.860000
-2.840000
-2.820000
-2.800000
-2.780000
-2.760000
-2.740000
-2.720000
-2.700000
-2.680000
-2.660000
-2.640000
-2.620000
-2.600000
-2.580000
-2.560000
-2.540000
-2.520000
-2.500000
-2.480000
-2.460000
-2.440000
-2.420000
-2.400000
-2.380000
-2.360000
-2.340000
-2.320000
-2.300000
-2.280000
-2.260000
-2.240000
-2.220000
-2.200000
-2.180000
-2.160000
-2.140000
-2.120000
-2.100000
-2.080000
-2.060000
-2.040000
-2.020000
-2.000000
-1.980000
-1.960000
-1.940000
-1.920000
-1.900000
-1.880000
-1.860000
-1.840000
-1.820000
-1.800000
-1.780000
-1.760000
-1.740000
-1.720000
-1.700000
-1.680000
-1.660000
-1.640000
-1.620000
-1.600000
-1.580000
-1.560000
-1.540000
-1.520000
-1.500000
-1.480000
-1.460000
-1.440000
-1.420000
-1.400000
-1.380000
-1.360000
-1.340000
-1.320000
-1.300000
-1.280000
-1.260000
-1.240000
-1.220000
-1.200000
-1.180000
-1.160000
-1.140000
-1.120000
-1.100000
-1.080000
-1.060000
-1.040000
-1.020000
-1.000000
-0.980000
-0.960000
-0.940000
-0.920000
-0.900000
-0.880000
-0.860000
-0.840000
-0.820000
-0.800000
-0.780000
-0.760000
-0.740000
-0.720000
-0.700000
-0.680000
-0.660000
-0.640000
-0.620000
-0.600000
-0.580000
-0.560000
-0.540000
-0.520000
-0.500000
-0.480000
-0.460000
-0.440000
-0.420000
-0.400000
-0.380000
-0.360000
-0.340000
-0.320000
-0.300000
-0.280000
-0.260000
-0.240000
-0.220000
-0.200000
-0.180000
-0.160000
-0.140000
-0.120000
-0.100000
-0.080000
-0.060000
-0.040000
-0.020000
0.000000
0.020000
0.040000
0.060000
0.080000
0.100000
0.120000
0.140000
0.160000
0.180000
0.200000
0.220000
0.240000
0.260000
0.280000
0.300000
0.320000
0.340000
0.360000
0.380000
0.400000
0.420000
0.440000
0.460000
0.480000
0.500000
0.520000
0.540000
0.560000
0.580000
0.600000
0.620000
0.640000
0.660000
0.680000
0.700000
0.720000
0.740000
0.760000
0.780000
0.800000
0.820000
0.840000
0.860000
0.880000
0.900000
0.920000
0.940000
0.960000
0.980000
1.000000
1.020000
1.040000
1.060000
1.080000
1.100000
1.120000
1.140000
1.160000
1.180000
1.200000
1.220000
1.240000
1.260000
1.280000
1.300000
1.320000
1.340000
1.360000
1.380000
1.400000
1.420000
1.440000
1.460000
1.480000
1.500000
1.520000
1.540000
1.560000
1.580000
1.600000
1.620000
1.640000
1.660000
1.680000
1.700000
1.720000
1.740000
1.760000
1.780000
1.800000
1.820000
1.840000
1.860000
1.880000
1.900000
1.920000
1.940000
1.960000
1.980000
2.000000
2.020000
2.040000
2.060000
2.080000
2.100000
2.120000
2.140000
2.160000
2.180000
2.200000
2.220000
2.240000
2.260000
2.280000
2.300000
2.320000
2.340000
2.360000
2.380000
2.400000
2.420000
2.440000
2.460000
2.480000
2.500000
2.520000
2.540000
2.560000
2.580000
2.600000
2.620000
2.640000
2.660000
2.680000
2.700000
2.720000
2.740000
2.760000
2.780000
2.800000
2.820000
2.840000
2.860000
2.880000
2.900000
2.920000
2.940000
2.960000
2.980000
3.000000
3.020000
3.040000
3.060000
3.080000
3.100000
3.120000
3.140000
3.160000
3.180000
3.200000
3.220000
3.240000
3.260000
3.280000
3.300000
3.320000
3.340000
3.360000
3.380000
3.400000
3.420000
3.440000
3.460000
3.480000
3.500000
3.520000
3.540000
3.560000
3.580000
3.600000
3.620000
3.640000
3.660000
3.680000
3.700000
3.720000
3.740000
3.760000
3.780000
3.800000
3.820000
3.840000
3.860000
3.880000
3.900000
3.920000
3.940000
3.960000
3.980000
4.000000
4.020000
4.040000
4.060000
4.080000
4.100000
4.120000
4.140000
4.160000
4.180000
4.200000
4.220000
4.240000
4.260000
4.280000
4.300000
4.320000
4.340000
4.360000
4.380000
4.400000
4.420000
4.440000
4.460000
4.480000
4.500000
4.520000
4.540000
4.560000
4.580000
4.600000
4.620000
4.640000
4.660000
4.680000
4.700000
4.720000
4.740000
4.760000
4.780000
4.800000
4.820000
4.840000
4.860000
4.880000
4.900000
4.920000
4.940000
4.960000
4.980000
5.000000
精确值为
-0.368421
-0.369170
-0.369920
-0.370672
-0.371426
-0.372181
-0.372938
-0.373697
-0.374457
-0.375219
-0.375982
-0.376747
-0.377513
-0.378281
-0.379050
-0.379820
-0.380592
-0.381365
-0.382140
-0.382916
-0.383693
-0.384471
-0.385251
-0.386032
-0.386814
-0.387597
-0.388381
-0.389166
-0.389952
-0.390740
-0.391528
-0.392317
-0.393106
-0.393897
-0.394688
-0.395480
-0.396273
-0.397066
-0.397860
-0.398654
-0.399449
-0.400244
-0.401040
-0.401835
-0.402631
-0.403427
-0.404223
-0.405020
-0.405816
-0.406612
-0.407407
-0.408203
-0.408998
-0.409793
-0.410587
-0.411380
-0.412173
-0.412965
-0.413756
-0.414546
-0.415335
-0.416123
-0.416910
-0.417695
-0.418479
-0.419261
-0.420042
-0.420820
-0.421597
-0.422371
-0.423143
-0.423913
-0.424681
-0.425445
-0.426207
-0.426966
-0.427722
-0.428475
-0.429224
-0.429970
-0.430712
-0.431450
-0.432183
-0.432913
-0.433638
-0.434358
-0.435074
-0.435784
-0.436489
-0.437188
-0.437882
-0.438569
-0.439251
-0.439926
-0.440594
-0.441255
-0.441908
-0.442554
-0.443193
-0.443823
-0.444444
-0.445057
-0.445661
-0.446255
-0.446840
-0.447414
-0.447978
-0.448531
-0.449073
-0.449603
-0.450122
-0.450627
-0.451120
-0.451600
-0.452066
-0.452518
-0.452954
-0.453376
-0.453782
-0.454172
-0.454545
-0.454901
-0.455239
-0.455559
-0.455859
-0.456140
-0.456401
-0.456641
-0.456859
-0.457054
-0.457227
-0.457376
-0.457501
-0.457600
-0.457673
-0.457719
-0.457738
-0.457728
-0.457688
-0.457618
-0.457516
-0.457383
-0.457215
-0.457014
-0.456777
-0.456503
-0.456192
-0.455841
-0.455451
-0.455020
-0.454545
-0.454027
-0.453464
-0.452854
-0.452196
-0.451489
-0.450730
-0.449919
-0.449054
-0.448133
-0.447154
-0.446117
-0.445017
-0.443855
-0.442629
-0.441335
-0.439972
-0.438538
-0.437032
-0.435450
-0.433790
-0.432050
-0.430228
-0.428321
-0.426327
-0.424242
-0.422065
-0.419792
-0.417421
-0.414948
-0.412371
-0.409686
-0.406891
-0.403981
-0.400954
-0.397805
-0.394532
-0.391131
-0.387597
-0.383927
-0.380117
-0.376163
-0.372060
-0.367804
-0.363390
-0.358814
-0.354072
-0.349158
-0.344066
-0.338794
-0.333333
-0.327681
-0.321830
-0.315775
-0.309510
-0.303030
-0.296328
-0.289398
-0.282234
-0.274829
-0.267176
-0.259268
-0.251099
-0.242661
-0.233946
-0.224949
-0.215660
-0.206073
-0.196179
-0.185970
-0.175439
-0.164576
-0.153374
-0.141825
-0.129918
-0.117647
-0.105002
-0.091974
-0.078555
-0.064735
-0.050505
-0.035857
-0.020781
-0.005269
0.010688
0.027100
0.043975
0.061322
0.079150
0.097466
0.116279
0.135597
0.155428
0.175779
0.196657
0.218069
0.240020
0.262518
0.285566
0.309170
0.333333
0.358060
0.383352
0.409211
0.435638
0.462633
0.490196
0.518324
0.547014
0.576261
0.606061
0.636405
0.667287
0.698697
0.730623
0.763052
0.795971
0.829364
0.863214
0.897500
0.932203
0.967300
1.002766
1.038576
1.074700
1.111111
1.147776
1.184663
1.221736
1.258960
1.296296
1.333706
1.371150
1.408584
1.445967
1.483254
1.520400
1.557361
1.594090
1.630541
1.666667
1.702421
1.737757
1.772628
1.806990
1.840796
1.874003
1.906568
1.938449
1.969606
2.000000
2.029594
2.058353
2.086245
2.113238
2.139303
2.164416
2.188552
2.211690
2.233812
2.254902
2.274946
2.293935
2.311859
2.328714
2.344498
2.359209
2.372849
2.385424
2.396941
2.407407
2.416835
2.425237
2.432628
2.439024
2.444444
2.448908
2.452435
2.455048
2.456771
2.457627
2.457641
2.456839
2.455247
2.452891
2.449799
2.445997
2.441514
2.436375
2.430609
2.424242
2.417303
2.409817
2.401810
2.393310
2.384342
2.374930
2.365099
2.354874
2.344278
2.333333
2.322063
2.310488
2.298630
2.286508
2.274143
2.261554
2.248757
2.235772
2.222615
2.209302
2.195849
2.182270
2.168581
2.154793
2.140921
2.126977
2.112973
2.098919
2.084827
2.070707
2.056568
2.042419
2.028270
2.014128
2.000000
1.985895
1.971818
1.957777
1.943777
1.929825
1.915924
1.902081
1.888300
1.874585
1.860941
1.847370
1.833877
1.820465
1.807136
1.793893
1.780739
1.767677
1.754707
1.741833
1.729055
1.716376
1.703796
1.691317
1.678941
1.666667
1.654496
1.642431
1.630470
1.618614
1.606864
1.595220
1.583683
1.572252
1.560926
1.549708
1.538595
1.527588
1.516686
1.505890
1.495199
1.484612
1.474129
1.463750
1.453473
1.443299
1.433226
1.423255
1.413384
1.403612
1.393939
1.384365
1.374888
1.365507
1.356222
1.347032
1.337936
1.328933
1.320023
1.311204
1.302476
1.293837
1.285288
1.276826
1.268451
1.260163
1.251959
1.243840
1.235805
1.227852
1.219981
1.212190
1.204480
1.196848
1.189295
1.181818
1.174418
1.167094
1.159844
1.152668
1.145564
1.138533
1.131573
1.124683
1.117863
1.111111
1.104427
1.097811
1.091260
1.084776
1.078355
1.071999
1.065706
1.059475
1.053306
1.047198
1.041149
1.035161
1.029231
1.023359
1.017544
1.011786
1.006083
1.000436
0.994844
0.989305
0.983819
0.978386
0.973005
0.967676
0.962396
0.957167
0.951988
0.946857
0.941775
0.936740
0.931752
0.926811
0.921915
0.917065
0.912260
0.907500
0.902783
0.898109
0.893478
0.888889
第一组插值结果为
-0.368421
-0.365400
-0.362535
-0.359823
-0.357260
-0.354844
-0.352573
-0.350444
-0.348454
-0.346600
-0.344880
-0.343290
-0.341829
-0.340494
-0.339281
-0.338189
-0.337215
-0.336357
-0.335611
-0.334975
-0.334447
-0.334024
-0.333703
-0.333483
-0.333361
-0.333333
-0.333399
-0.333555
-0.333798
-0.334128
-0.334540
-0.335034
-0.335606
-0.336253
-0.336975
-0.337768
-0.338631
-0.339560
-0.340554
-0.341611
-0.342727
-0.343902
-0.345133
-0.346417
-0.347752
-0.349137
-0.350569
-0.352046
-0.353565
-0.355126
-0.356725
-0.358361
-0.360032
-0.361735
-0.363468
-0.365230
-0.367019
-0.368832
-0.370668
-0.372525
-0.374400
-0.376292
-0.378199
-0.380119
-0.382050
-0.383991
-0.385939
-0.387892
-0.389849
-0.391809
-0.393768
-0.395727
-0.397681
-0.399631
-0.401574
-0.403509
-0.405433
-0.407346
-0.409245
-0.411129
-0.412996
-0.414845
-0.416674
-0.418482
-0.420266
-0.422026
-0.423759
-0.425465
-0.427141
-0.428787
-0.430400
-0.431980
-0.433524
-0.435032
-0.436502
-0.437932
-0.439322
-0.440669
-0.441973
-0.443232
-0.444444
-0.445610
-0.446726
-0.447792
-0.448806
-0.449768
-0.450676
-0.451529
-0.452326
-0.453065
-0.453745
-0.454365
-0.454925
-0.455422
-0.455855
-0.456225
-0.456528
-0.456765
-0.456935
-0.457036
-0.457067
-0.457027
-0.456915
-0.456731
-0.456473
-0.456140
-0.455732
-0.455247
-0.454685
-0.454044
-0.453324
-0.452524
-0.451643
-0.450680
-0.449634
-0.448505
-0.447292
-0.445994
-0.444610
-0.443139
-0.441581
-0.439935
-0.438201
-0.436377
-0.434463
-0.432458
-0.430362
-0.428175
-0.425894
-0.423520
-0.421053
-0.418491
-0.415834
-0.413082
-0.410234
-0.407289
-0.404247
-0.401108
-0.397871
-0.394536
-0.391102
-0.387568
-0.383935
-0.380203
-0.376369
-0.372435
-0.368400
-0.364263
-0.360025
-0.355685
-0.351242
-0.346697
-0.342049
-0.337298
-0.332443
-0.327485
-0.322424
-0.317258
-0.311989
-0.306615
-0.301137
-0.295554
-0.289867
-0.284075
-0.278179
-0.272178
-0.266072
-0.259861
-0.253545
-0.247124
-0.240599
-0.233968
-0.227233
-0.220394
-0.213449
-0.206400
-0.199247
-0.191989
-0.184627
-0.177161
-0.169591
-0.161917
-0.154140
-0.146259
-0.138276
-0.130189
-0.122001
-0.113709
-0.105316
-0.096821
-0.088225
-0.079527
-0.070729
-0.061830
-0.052832
-0.043733
-0.034536
-0.025240
-0.015845
-0.006353
0.003237
0.012924
0.022708
0.032587
0.042562
0.052632
0.062796
0.073053
0.083404
0.093848
0.104384
0.115011
0.125728
0.136536
0.147433
0.158419
0.169492
0.180653
0.191901
0.203234
0.214653
0.226155
0.237741
0.249410
0.261160
0.272992
0.284903
0.296894
0.308963
0.321110
0.333333
0.345632
0.358006
0.370453
0.382973
0.395565
0.408227
0.420960
0.433761
0.446630
0.459565
0.472566
0.485631
0.498760
0.511950
0.525202
0.538514
0.551885
0.565313
0.578797
0.592337
0.605930
0.619577
0.633274
0.647022
0.660819
0.674663
0.688553
0.702489
0.716468
0.730489
0.744551
0.758652
0.772792
0.786968
0.801179
0.815424
0.829701
0.844009
0.858346
0.872711
0.887102
0.901518
0.915957
0.930418
0.944898
0.959397
0.973913
0.988444
1.002988
1.017544
1.032110
1.046685
1.061266
1.075852
1.090442
1.105033
1.119624
1.134213
1.148798
1.163378
1.177950
1.192513
1.207064
1.221603
1.236126
1.250633
1.265121
1.279589
1.294034
1.308454
1.322848
1.337213
1.351547
1.365849
1.380117
1.394348
1.408540
1.422691
1.436800
1.450863
1.464879
1.478847
1.492762
1.506624
1.520430
1.534179
1.547867
1.561492
1.575053
1.588547
1.601972
1.615326
1.628605
1.641808
1.654933
1.667977
1.680938
1.693814
1.706601
1.719298
1.731903
1.744412
1.756823
1.769134
1.781343
1.793446
1.805442
1.817327
1.829100
1.840758
1.852298
1.863717
1.875013
1.886184
1.897226
1.908137
1.918915
1.929556
1.940058
1.950419
1.960635
1.970704
1.980623
1.990389
2.000000
2.009453
2.018744
2.027872
2.036832
2.045623
2.054242
2.062685
2.070950
2.079034
2.086933
2.094646
2.102168
2.109497
2.116631
2.123565
2.130297
2.136824
2.143143
2.149251
2.155144
2.160820
2.166275
2.171507
2.176512
2.181287
2.185828
2.190134
2.194200
2.198023
2.201600
2.204928
2.208003
2.210823
2.213384
2.215682
2.217714
2.219478
2.220969
2.222184
2.223120
2.223774
2.224142
2.224220
2.224006
2.223495
2.222684
2.221570
2.220150
2.218419
2.216374
2.214012
2.211329
2.208322
2.204986
2.201319
2.197317
2.192975
2.188291
2.183261
2.177881
2.172147
2.166055
2.159603
2.152786
2.145600
2.138042
2.130107
2.121793
2.113095
2.104009
2.094532
2.084660
2.074388
2.063713
2.052632
2.041139
2.029231
2.016905
2.004156
1.990980
1.977374
1.963332
1.948852
1.933929
1.918559
1.902738
1.886462
1.869727
1.852529
1.834863
1.816726
1.798113
1.779020
1.759443
1.739378
1.718820
1.697766
1.676210
1.654149
1.631579
1.608495
1.584892
1.560768
1.536116
1.510933
1.485215
1.458957
1.432154
1.404803
1.376898
1.348436
1.319412
1.289821
1.259659
1.228922
1.197604
1.165702
1.133211
1.100126
1.066442
1.032156
0.997262
0.961756
0.925633
0.888889
第二组插值结果为
-0.378751
-0.378300
-0.377919
-0.377607
-0.377363
-0.377184
-0.377069
-0.377017
-0.377025
-0.377092
-0.377216
-0.377397
-0.377631
-0.377918
-0.378255
-0.378642
-0.379077
-0.379558
-0.380084
-0.380652
-0.381263
-0.381913
-0.382602
-0.383327
-0.384089
-0.384884
-0.385712
-0.386571
-0.387459
-0.388376
-0.389319
-0.390288
-0.391281
-0.392296
-0.393332
-0.394388
-0.395463
-0.396554
-0.397661
-0.398782
-0.399916
-0.401062
-0.402218
-0.403383
-0.404556
-0.405735
-0.406919
-0.408107
-0.409298
-0.410490
-0.411682
-0.412873
-0.414062
-0.415247
-0.416428
-0.417603
-0.418770
-0.419930
-0.421080
-0.422219
-0.423347
-0.424462
-0.425563
-0.426649
-0.427719
-0.428771
-0.429806
-0.430821
-0.431815
-0.432788
-0.433739
-0.434666
-0.435569
-0.436446
-0.437297
-0.438120
-0.438914
-0.439679
-0.440414
-0.441117
-0.441788
-0.442426
-0.443030
-0.443598
-0.444131
-0.444627
-0.445085
-0.445505
-0.445885
-0.446225
-0.446524
-0.446780
-0.446995
-0.447165
-0.447291
-0.447372
-0.447407
-0.447396
-0.447337
-0.447230
-0.447074
-0.446868
-0.446612
-0.446305
-0.445946
-0.445535
-0.445070
-0.444552
-0.443979
-0.443352
-0.442668
-0.441928
-0.441131
-0.440277
-0.439364
-0.438393
-0.437362
-0.436272
-0.435121
-0.433909
-0.432635
-0.431299
-0.429901
-0.428440
-0.426915
-0.425326
-0.423672
-0.421954
-0.420170
-0.418320
-0.416404
-0.414421
-0.412370
-0.410253
-0.408067
-0.405813
-0.403490
-0.401098
-0.398636
-0.396105
-0.393503
-0.390831
-0.388088
-0.385274
-0.382389
-0.379432
-0.376402
-0.373301
-0.370127
-0.366881
-0.363561
-0.360169
-0.356702
-0.353163
-0.349549
-0.345861
-0.342100
-0.338263
-0.334353
-0.330367
-0.326307
-0.322172
-0.317962
-0.313677
-0.309317
-0.304881
-0.300370
-0.295783
-0.291121
-0.286383
-0.281570
-0.276681
-0.271716
-0.266676
-0.261560
-0.256368
-0.251101
-0.245759
-0.240340
-0.234846
-0.229277
-0.223633
-0.217913
-0.212118
-0.206248
-0.200303
-0.194283
-0.188188
-0.182019
-0.175776
-0.169458
-0.163066
-0.156600
-0.150061
-0.143448
-0.136762
-0.130003
-0.123171
-0.116266
-0.109289
-0.102240
-0.095120
-0.087927
-0.080664
-0.073329
-0.065925
-0.058449
-0.050904
-0.043289
-0.035605
-0.027853
-0.020031
-0.012142
-0.004185
0.003840
0.011931
0.020089
0.028313
0.036603
0.044957
0.053377
0.061860
0.070408
0.079018
0.087692
0.096427
0.105224
0.114083
0.123002
0.131981
0.141020
0.150117
0.159273
0.168487
0.177758
0.187085
0.196468
0.205907
0.215400
0.224947
0.234548
0.244201
0.253906
0.263663
0.273470
0.283327
0.293233
0.303187
0.313189
0.323238
0.333333
0.343474
0.353659
0.363888
0.374160
0.384474
0.394829
0.405225
0.415661
0.426136
0.436648
0.447198
0.457784
0.468405
0.479060
0.489749
0.500471
0.511224
0.522008
0.532822
0.543664
0.554535
0.565432
0.576355
0.587303
0.598275
0.609269
0.620285
0.631322
0.642379
0.653454
0.664547
0.675656
0.686781
0.697920
0.709072
0.720236
0.731411
0.742596
0.753789
0.764990
0.776197
0.787409
0.798625
0.809843
0.821064
0.832284
0.843503
0.854721
0.865934
0.877143
0.888346
0.899542
0.910729
0.921906
0.933072
0.944225
0.955365
0.966489
0.977597
0.988687
0.999757
1.010807
1.021835
1.032840
1.043819
1.054772
1.065698
1.076594
1.087460
1.098293
1.109093
1.119858
1.130586
1.141277
1.151928
1.162537
1.173104
1.183627
1.194105
1.204534
1.214916
1.225246
1.235525
1.245750
1.255920
1.266033
1.276087
1.286082
1.296014
1.305883
1.315687
1.325425
1.335093
1.344692
1.354219
1.363672
1.373049
1.382350
1.391571
1.400713
1.409771
1.418746
1.427634
1.436435
1.445146
1.453766
1.462293
1.470724
1.479059
1.487294
1.495430
1.503462
1.511390
1.519212
1.526926
1.534529
1.542020
1.549397
1.556659
1.563802
1.570825
1.577726
1.584504
1.591155
1.597679
1.604073
1.610335
1.616462
1.622454
1.628307
1.634021
1.639592
1.645018
1.650298
1.655430
1.660411
1.665239
1.669912
1.674427
1.678784
1.682979
1.687010
1.690876
1.694573
1.698101
1.701455
1.704635
1.707638
1.710462
1.713105
1.715563
1.717836
1.719920
1.721814
1.723514
1.725020
1.726327
1.727435
1.728341
1.729042
1.729536
1.729820
1.729893
1.729752
1.729394
1.728817
1.728018
1.726996
1.725747
1.724269
1.722560
1.720618
1.718439
1.716021
1.713362
1.710459
1.707310
1.703912
1.700263
1.696360
1.692200
1.687781
1.683100
1.678155
1.672943
1.667461
1.661707
1.655678
1.649372
1.642786
1.635917
1.628762
1.621319
1.613586
1.605558
1.597235
1.588612
1.579687
1.570458
1.560922
1.551075
1.540916
1.530441
1.519647
1.508532
1.497093
1.485328
1.473232
1.460804
1.448040
1.434938
1.421495
1.407707
1.393573
1.379088
1.364251
1.349058
1.333506
1.317592
1.301314
1.284668
1.267652
1.250262
1.232495
1.214349
1.195820
1.176906
1.157602
1.137907
1.117818
1.097330
1.076441
1.055148
1.033449
1.011338
0.988815
0.965875
0.942515
0.918732
0.894524
0.869886
0.844816
0.819310
0.793366
0.766980
0.740148
0.712869
0.685137
0.656951
0.628306
第一组插值误差为         1.108575376458e+00
第二组插值误差为         1.309481298434e+00

--------------------------------
Process exited after 3.595 seconds with return value 0
请按任意键继续. . .
