N+1个插值节点, 请输入N值(示例4,8,16,32)
8
自变量值为
-5.000000
-4.980000
-4.960000
-4.940000
-4.920000
-4.900000
-4.880000
-4.860000
-4.840000
-4.820000
-4.800000
-4.780000
-4.760000
-4.740000
-4.720000
-4.700000
-4.680000
-4.660000
-4.640000
-4.620000
-4.600000
-4.580000
-4.560000
-4.540000
-4.520000
-4.500000
-4.480000
-4.460000
-4.440000
-4.420000
-4.400000
-4.380000
-4.360000
-4.340000
-4.320000
-4.300000
-4.280000
-4.260000
-4.240000
-4.220000
-4.200000
-4.180000
-4.160000
-4.140000
-4.120000
-4.100000
-4.080000
-4.060000
-4.040000
-4.020000
-4.000000
-3.980000
-3.960000
-3.940000
-3.920000
-3.900000
-3.880000
-3.860000
-3.840000
-3.820000
-3.800000
-3.780000
-3.760000
-3.740000
-3.720000
-3.700000
-3.680000
-3.660000
-3.640000
-3.620000
-3.600000
-3.580000
-3.560000
-3.540000
-3.520000
-3.500000
-3.480000
-3.460000
-3.440000
-3.420000
-3.400000
-3.380000
-3.360000
-3.340000
-3.320000
-3.300000
-3.280000
-3.260000
-3.240000
-3.220000
-3.200000
-3.180000
-3.160000
-3.140000
-3.120000
-3.100000
-3.080000
-3.060000
-3.040000
-3.020000
-3.000000
-2.980000
-2.960000
-2.940000
-2.920000
-2.900000
-2.880000
-2.860000
-2.840000
-2.820000
-2.800000
-2.780000
-2.760000
-2.740000
-2.720000
-2.700000
-2.680000
-2.660000
-2.640000
-2.620000
-2.600000
-2.580000
-2.560000
-2.540000
-2.520000
-2.500000
-2.480000
-2.460000
-2.440000
-2.420000
-2.400000
-2.380000
-2.360000
-2.340000
-2.320000
-2.300000
-2.280000
-2.260000
-2.240000
-2.220000
-2.200000
-2.180000
-2.160000
-2.140000
-2.120000
-2.100000
-2.080000
-2.060000
-2.040000
-2.020000
-2.000000
-1.980000
-1.960000
-1.940000
-1.920000
-1.900000
-1.880000
-1.860000
-1.840000
-1.820000
-1.800000
-1.780000
-1.760000
-1.740000
-1.720000
-1.700000
-1.680000
-1.660000
-1.640000
-1.620000
-1.600000
-1.580000
-1.560000
-1.540000
-1.520000
-1.500000
-1.480000
-1.460000
-1.440000
-1.420000
-1.400000
-1.380000
-1.360000
-1.340000
-1.320000
-1.300000
-1.280000
-1.260000
-1.240000
-1.220000
-1.200000
-1.180000
-1.160000
-1.140000
-1.120000
-1.100000
-1.080000
-1.060000
-1.040000
-1.020000
-1.000000
-0.980000
-0.960000
-0.940000
-0.920000
-0.900000
-0.880000
-0.860000
-0.840000
-0.820000
-0.800000
-0.780000
-0.760000
-0.740000
-0.720000
-0.700000
-0.680000
-0.660000
-0.640000
-0.620000
-0.600000
-0.580000
-0.560000
-0.540000
-0.520000
-0.500000
-0.480000
-0.460000
-0.440000
-0.420000
-0.400000
-0.380000
-0.360000
-0.340000
-0.320000
-0.300000
-0.280000
-0.260000
-0.240000
-0.220000
-0.200000
-0.180000
-0.160000
-0.140000
-0.120000
-0.100000
-0.080000
-0.060000
-0.040000
-0.020000
0.000000
0.020000
0.040000
0.060000
0.080000
0.100000
0.120000
0.140000
0.160000
0.180000
0.200000
0.220000
0.240000
0.260000
0.280000
0.300000
0.320000
0.340000
0.360000
0.380000
0.400000
0.420000
0.440000
0.460000
0.480000
0.500000
0.520000
0.540000
0.560000
0.580000
0.600000
0.620000
0.640000
0.660000
0.680000
0.700000
0.720000
0.740000
0.760000
0.780000
0.800000
0.820000
0.840000
0.860000
0.880000
0.900000
0.920000
0.940000
0.960000
0.980000
1.000000
1.020000
1.040000
1.060000
1.080000
1.100000
1.120000
1.140000
1.160000
1.180000
1.200000
1.220000
1.240000
1.260000
1.280000
1.300000
1.320000
1.340000
1.360000
1.380000
1.400000
1.420000
1.440000
1.460000
1.480000
1.500000
1.520000
1.540000
1.560000
1.580000
1.600000
1.620000
1.640000
1.660000
1.680000
1.700000
1.720000
1.740000
1.760000
1.780000
1.800000
1.820000
1.840000
1.860000
1.880000
1.900000
1.920000
1.940000
1.960000
1.980000
2.000000
2.020000
2.040000
2.060000
2.080000
2.100000
2.120000
2.140000
2.160000
2.180000
2.200000
2.220000
2.240000
2.260000
2.280000
2.300000
2.320000
2.340000
2.360000
2.380000
2.400000
2.420000
2.440000
2.460000
2.480000
2.500000
2.520000
2.540000
2.560000
2.580000
2.600000
2.620000
2.640000
2.660000
2.680000
2.700000
2.720000
2.740000
2.760000
2.780000
2.800000
2.820000
2.840000
2.860000
2.880000
2.900000
2.920000
2.940000
2.960000
2.980000
3.000000
3.020000
3.040000
3.060000
3.080000
3.100000
3.120000
3.140000
3.160000
3.180000
3.200000
3.220000
3.240000
3.260000
3.280000
3.300000
3.320000
3.340000
3.360000
3.380000
3.400000
3.420000
3.440000
3.460000
3.480000
3.500000
3.520000
3.540000
3.560000
3.580000
3.600000
3.620000
3.640000
3.660000
3.680000
3.700000
3.720000
3.740000
3.760000
3.780000
3.800000
3.820000
3.840000
3.860000
3.880000
3.900000
3.920000
3.940000
3.960000
3.980000
4.000000
4.020000
4.040000
4.060000
4.080000
4.100000
4.120000
4.140000
4.160000
4.180000
4.200000
4.220000
4.240000
4.260000
4.280000
4.300000
4.320000
4.340000
4.360000
4.380000
4.400000
4.420000
4.440000
4.460000
4.480000
4.500000
4.520000
4.540000
4.560000
4.580000
4.600000
4.620000
4.640000
4.660000
4.680000
4.700000
4.720000
4.740000
4.760000
4.780000
4.800000
4.820000
4.840000
4.860000
4.880000
4.900000
4.920000
4.940000
4.960000
4.980000
5.000000
精确值为
-0.368421
-0.369170
-0.369920
-0.370672
-0.371426
-0.372181
-0.372938
-0.373697
-0.374457
-0.375219
-0.375982
-0.376747
-0.377513
-0.378281
-0.379050
-0.379820
-0.380592
-0.381365
-0.382140
-0.382916
-0.383693
-0.384471
-0.385251
-0.386032
-0.386814
-0.387597
-0.388381
-0.389166
-0.389952
-0.390740
-0.391528
-0.392317
-0.393106
-0.393897
-0.394688
-0.395480
-0.396273
-0.397066
-0.397860
-0.398654
-0.399449
-0.400244
-0.401040
-0.401835
-0.402631
-0.403427
-0.404223
-0.405020
-0.405816
-0.406612
-0.407407
-0.408203
-0.408998
-0.409793
-0.410587
-0.411380
-0.412173
-0.412965
-0.413756
-0.414546
-0.415335
-0.416123
-0.416910
-0.417695
-0.418479
-0.419261
-0.420042
-0.420820
-0.421597
-0.422371
-0.423143
-0.423913
-0.424681
-0.425445
-0.426207
-0.426966
-0.427722
-0.428475
-0.429224
-0.429970
-0.430712
-0.431450
-0.432183
-0.432913
-0.433638
-0.434358
-0.435074
-0.435784
-0.436489
-0.437188
-0.437882
-0.438569
-0.439251
-0.439926
-0.440594
-0.441255
-0.441908
-0.442554
-0.443193
-0.443823
-0.444444
-0.445057
-0.445661
-0.446255
-0.446840
-0.447414
-0.447978
-0.448531
-0.449073
-0.449603
-0.450122
-0.450627
-0.451120
-0.451600
-0.452066
-0.452518
-0.452954
-0.453376
-0.453782
-0.454172
-0.454545
-0.454901
-0.455239
-0.455559
-0.455859
-0.456140
-0.456401
-0.456641
-0.456859
-0.457054
-0.457227
-0.457376
-0.457501
-0.457600
-0.457673
-0.457719
-0.457738
-0.457728
-0.457688
-0.457618
-0.457516
-0.457383
-0.457215
-0.457014
-0.456777
-0.456503
-0.456192
-0.455841
-0.455451
-0.455020
-0.454545
-0.454027
-0.453464
-0.452854
-0.452196
-0.451489
-0.450730
-0.449919
-0.449054
-0.448133
-0.447154
-0.446117
-0.445017
-0.443855
-0.442629
-0.441335
-0.439972
-0.438538
-0.437032
-0.435450
-0.433790
-0.432050
-0.430228
-0.428321
-0.426327
-0.424242
-0.422065
-0.419792
-0.417421
-0.414948
-0.412371
-0.409686
-0.406891
-0.403981
-0.400954
-0.397805
-0.394532
-0.391131
-0.387597
-0.383927
-0.380117
-0.376163
-0.372060
-0.367804
-0.363390
-0.358814
-0.354072
-0.349158
-0.344066
-0.338794
-0.333333
-0.327681
-0.321830
-0.315775
-0.309510
-0.303030
-0.296328
-0.289398
-0.282234
-0.274829
-0.267176
-0.259268
-0.251099
-0.242661
-0.233946
-0.224949
-0.215660
-0.206073
-0.196179
-0.185970
-0.175439
-0.164576
-0.153374
-0.141825
-0.129918
-0.117647
-0.105002
-0.091974
-0.078555
-0.064735
-0.050505
-0.035857
-0.020781
-0.005269
0.010688
0.027100
0.043975
0.061322
0.079150
0.097466
0.116279
0.135597
0.155428
0.175779
0.196657
0.218069
0.240020
0.262518
0.285566
0.309170
0.333333
0.358060
0.383352
0.409211
0.435638
0.462633
0.490196
0.518324
0.547014
0.576261
0.606061
0.636405
0.667287
0.698697
0.730623
0.763052
0.795971
0.829364
0.863214
0.897500
0.932203
0.967300
1.002766
1.038576
1.074700
1.111111
1.147776
1.184663
1.221736
1.258960
1.296296
1.333706
1.371150
1.408584
1.445967
1.483254
1.520400
1.557361
1.594090
1.630541
1.666667
1.702421
1.737757
1.772628
1.806990
1.840796
1.874003
1.906568
1.938449
1.969606
2.000000
2.029594
2.058353
2.086245
2.113238
2.139303
2.164416
2.188552
2.211690
2.233812
2.254902
2.274946
2.293935
2.311859
2.328714
2.344498
2.359209
2.372849
2.385424
2.396941
2.407407
2.416835
2.425237
2.432628
2.439024
2.444444
2.448908
2.452435
2.455048
2.456771
2.457627
2.457641
2.456839
2.455247
2.452891
2.449799
2.445997
2.441514
2.436375
2.430609
2.424242
2.417303
2.409817
2.401810
2.393310
2.384342
2.374930
2.365099
2.354874
2.344278
2.333333
2.322063
2.310488
2.298630
2.286508
2.274143
2.261554
2.248757
2.235772
2.222615
2.209302
2.195849
2.182270
2.168581
2.154793
2.140921
2.126977
2.112973
2.098919
2.084827
2.070707
2.056568
2.042419
2.028270
2.014128
2.000000
1.985895
1.971818
1.957777
1.943777
1.929825
1.915924
1.902081
1.888300
1.874585
1.860941
1.847370
1.833877
1.820465
1.807136
1.793893
1.780739
1.767677
1.754707
1.741833
1.729055
1.716376
1.703796
1.691317
1.678941
1.666667
1.654496
1.642431
1.630470
1.618614
1.606864
1.595220
1.583683
1.572252
1.560926
1.549708
1.538595
1.527588
1.516686
1.505890
1.495199
1.484612
1.474129
1.463750
1.453473
1.443299
1.433226
1.423255
1.413384
1.403612
1.393939
1.384365
1.374888
1.365507
1.356222
1.347032
1.337936
1.328933
1.320023
1.311204
1.302476
1.293837
1.285288
1.276826
1.268451
1.260163
1.251959
1.243840
1.235805
1.227852
1.219981
1.212190
1.204480
1.196848
1.189295
1.181818
1.174418
1.167094
1.159844
1.152668
1.145564
1.138533
1.131573
1.124683
1.117863
1.111111
1.104427
1.097811
1.091260
1.084776
1.078355
1.071999
1.065706
1.059475
1.053306
1.047198
1.041149
1.035161
1.029231
1.023359
1.017544
1.011786
1.006083
1.000436
0.994844
0.989305
0.983819
0.978386
0.973005
0.967676
0.962396
0.957167
0.951988
0.946857
0.941775
0.936740
0.931752
0.926811
0.921915
0.917065
0.912260
0.907500
0.902783
0.898109
0.893478
0.888889
第一组插值结果为
-0.368421
-0.233895
-0.110310
0.002849
0.106075
0.199850
0.284637
0.360885
0.429029
0.489489
0.542669
0.588961
0.628744
0.662382
0.690228
0.712620
0.729886
0.742340
0.750287
0.754018
0.753813
0.749943
0.742667
0.732234
0.718882
0.702842
0.684333
0.663565
0.640740
0.616050
0.589679
0.561803
0.532590
0.502200
0.470784
0.438488
0.405449
0.371797
0.337658
0.303148
0.268377
0.233452
0.198470
0.163524
0.128703
0.094088
0.059756
0.025779
-0.007777
-0.040850
-0.073381
-0.105318
-0.136612
-0.167218
-0.197095
-0.226206
-0.254518
-0.282001
-0.308628
-0.334375
-0.359224
-0.383155
-0.406156
-0.428213
-0.449319
-0.469465
-0.488649
-0.506868
-0.524123
-0.540414
-0.555747
-0.570127
-0.583562
-0.596061
-0.607635
-0.618296
-0.628058
-0.636936
-0.644945
-0.652103
-0.658428
-0.663939
-0.668657
-0.672601
-0.675794
-0.678258
-0.680015
-0.681089
-0.681503
-0.681282
-0.680451
-0.679033
-0.677055
-0.674541
-0.671517
-0.668008
-0.664039
-0.659637
-0.654827
-0.649633
-0.644082
-0.638197
-0.632005
-0.625530
-0.618795
-0.611825
-0.604644
-0.597275
-0.589740
-0.582062
-0.574264
-0.566366
-0.558391
-0.550357
-0.542286
-0.534196
-0.526107
-0.518036
-0.510003
-0.502022
-0.494112
-0.486288
-0.478564
-0.470956
-0.463477
-0.456140
-0.448959
-0.441944
-0.435106
-0.428457
-0.422006
-0.415761
-0.409732
-0.403926
-0.398349
-0.393009
-0.387910
-0.383057
-0.378455
-0.374107
-0.370016
-0.366184
-0.362613
-0.359304
-0.356256
-0.353470
-0.350943
-0.348676
-0.346664
-0.344907
-0.343399
-0.342137
-0.341117
-0.340334
-0.339780
-0.339452
-0.339341
-0.339441
-0.339744
-0.340241
-0.340925
-0.341786
-0.342815
-0.344002
-0.345337
-0.346809
-0.348407
-0.350120
-0.351936
-0.353843
-0.355830
-0.357883
-0.359990
-0.362138
-0.364313
-0.366503
-0.368694
-0.370871
-0.373022
-0.375131
-0.377185
-0.379170
-0.381071
-0.382873
-0.384563
-0.386126
-0.387547
-0.388811
-0.389905
-0.390814
-0.391524
-0.392019
-0.392287
-0.392312
-0.392081
-0.391581
-0.390796
-0.389714
-0.388322
-0.386606
-0.384552
-0.382150
-0.379385
-0.376246
-0.372721
-0.368798
-0.364466
-0.359714
-0.354530
-0.348905
-0.342828
-0.336290
-0.329281
-0.321793
-0.313816
-0.305343
-0.296366
-0.286877
-0.276870
-0.266337
-0.255274
-0.243675
-0.231533
-0.218846
-0.205608
-0.191816
-0.177466
-0.162557
-0.147085
-0.131050
-0.114449
-0.097283
-0.079552
-0.061254
-0.042393
-0.022968
-0.002983
0.017562
0.038661
0.060312
0.082511
0.105253
0.128533
0.152345
0.176683
0.201540
0.226908
0.252780
0.279148
0.306002
0.333333
0.361132
0.389387
0.418088
0.447223
0.476781
0.506748
0.537113
0.567861
0.598979
0.630453
0.662268
0.694408
0.726858
0.759602
0.792624
0.825907
0.859433
0.893186
0.927146
0.961296
0.995617
1.030090
1.064695
1.099414
1.134227
1.169112
1.204050
1.239021
1.274002
1.308974
1.343914
1.378802
1.413615
1.448332
1.482931
1.517390
1.551686
1.585799
1.619704
1.653380
1.686805
1.719955
1.752810
1.785346
1.817541
1.849373
1.880820
1.911859
1.942469
1.972629
2.002316
2.031508
2.060186
2.088328
2.115912
2.142920
2.169329
2.195122
2.220277
2.244776
2.268600
2.291731
2.314150
2.335839
2.356783
2.376963
2.396364
2.414970
2.432766
2.449736
2.465868
2.481147
2.495561
2.509098
2.521745
2.533492
2.544328
2.554244
2.563232
2.571282
2.578388
2.584542
2.589740
2.593975
2.597244
2.599544
2.600871
2.601224
2.600602
2.599005
2.596435
2.592893
2.588381
2.582904
2.576466
2.569072
2.560730
2.551447
2.541230
2.530091
2.518039
2.505086
2.491244
2.476527
2.460949
2.444526
2.427275
2.409212
2.390357
2.370730
2.350350
2.329240
2.307422
2.284920
2.261758
2.237962
2.213560
2.188578
2.163045
2.136991
2.110445
2.083441
2.056010
2.028185
2.000000
1.971491
1.942693
1.913643
1.884379
1.854939
1.825362
1.795687
1.765955
1.736208
1.706487
1.676834
1.647293
1.617906
1.588719
1.559775
1.531119
1.502797
1.474854
1.447335
1.420288
1.393758
1.367792
1.342436
1.317737
1.293741
1.270494
1.248044
1.226435
1.205714
1.185926
1.167115
1.149327
1.132605
1.116992
1.102531
1.089263
1.077230
1.066471
1.057024
1.048927
1.042217
1.036928
1.033094
1.030746
1.029915
1.030630
1.032916
1.036799
1.042301
1.049441
1.058239
1.068709
1.080863
1.094713
1.110266
1.127524
1.146490
1.167162
1.189533
1.213594
1.239332
1.266730
1.295768
1.326420
1.358657
1.392444
1.427742
1.464509
1.502695
1.542246
1.583102
1.625199
1.668466
1.712825
1.758193
1.804481
1.851592
1.899423
1.947864
1.996797
2.046097
2.095632
2.145260
2.194832
2.244191
2.293170
2.341595
2.389281
2.436033
2.481649
2.525914
2.568604
2.609485
2.648311
2.684826
2.718761
2.749838
2.777763
2.802234
2.822933
2.839530
2.851682
2.859033
2.861213
2.857835
2.848502
2.832797
2.810292
2.780541
2.743082
2.697437
2.643112
2.579595
2.506356
2.422848
2.328505
2.222743
2.104957
1.974526
1.830804
1.673130
1.500818
1.313162
1.109436
0.888889
第二组插值结果为
-0.438639
-0.417941
-0.399434
-0.382994
-0.368497
-0.355829
-0.344877
-0.335533
-0.327693
-0.321257
-0.316131
-0.312221
-0.309441
-0.307705
-0.306934
-0.307049
-0.307978
-0.309648
-0.311994
-0.314951
-0.318457
-0.322455
-0.326888
-0.331705
-0.336854
-0.342290
-0.347967
-0.353843
-0.359877
-0.366032
-0.372273
-0.378566
-0.384880
-0.391186
-0.397456
-0.403666
-0.409791
-0.415811
-0.421703
-0.427452
-0.433038
-0.438447
-0.443666
-0.448680
-0.453480
-0.458056
-0.462397
-0.466498
-0.470352
-0.473953
-0.477297
-0.480381
-0.483202
-0.485760
-0.488053
-0.490081
-0.491847
-0.493350
-0.494595
-0.495583
-0.496319
-0.496807
-0.497051
-0.497057
-0.496831
-0.496378
-0.495705
-0.494820
-0.493729
-0.492440
-0.490961
-0.489300
-0.487465
-0.485466
-0.483310
-0.481007
-0.478565
-0.475994
-0.473303
-0.470502
-0.467598
-0.464603
-0.461525
-0.458373
-0.455157
-0.451886
-0.448569
-0.445215
-0.441833
-0.438432
-0.435021
-0.431608
-0.428202
-0.424811
-0.421442
-0.418105
-0.414806
-0.411553
-0.408353
-0.405214
-0.402142
-0.399143
-0.396224
-0.393391
-0.390650
-0.388007
-0.385465
-0.383032
-0.380710
-0.378504
-0.376420
-0.374459
-0.372626
-0.370925
-0.369357
-0.367926
-0.366633
-0.365481
-0.364472
-0.363606
-0.362885
-0.362310
-0.361881
-0.361598
-0.361461
-0.361470
-0.361624
-0.361921
-0.362361
-0.362942
-0.363662
-0.364519
-0.365510
-0.366632
-0.367884
-0.369260
-0.370759
-0.372375
-0.374105
-0.375945
-0.377890
-0.379936
-0.382077
-0.384308
-0.386624
-0.389019
-0.391487
-0.394023
-0.396619
-0.399270
-0.401969
-0.404710
-0.407484
-0.410286
-0.413108
-0.415942
-0.418781
-0.421618
-0.424444
-0.427252
-0.430034
-0.432782
-0.435487
-0.438141
-0.440737
-0.443264
-0.445716
-0.448084
-0.450358
-0.452531
-0.454594
-0.456538
-0.458355
-0.460035
-0.461571
-0.462954
-0.464174
-0.465224
-0.466095
-0.466779
-0.467266
-0.467549
-0.467619
-0.467468
-0.467087
-0.466470
-0.465607
-0.464490
-0.463113
-0.461467
-0.459545
-0.457338
-0.454841
-0.452046
-0.448945
-0.445532
-0.441801
-0.437744
-0.433355
-0.428629
-0.423558
-0.418138
-0.412363
-0.406227
-0.399725
-0.392852
-0.385603
-0.377974
-0.369961
-0.361558
-0.352763
-0.343572
-0.333981
-0.323987
-0.313587
-0.302779
-0.291561
-0.279929
-0.267882
-0.255419
-0.242538
-0.229239
-0.215519
-0.201380
-0.186820
-0.171840
-0.156440
-0.140620
-0.124382
-0.107726
-0.090654
-0.073168
-0.055270
-0.036962
-0.018247
0.000872
0.020393
0.040311
0.060623
0.081325
0.102413
0.123881
0.145726
0.167941
0.190521
0.213461
0.236755
0.260395
0.284377
0.308692
0.333333
0.358294
0.383566
0.409142
0.435014
0.461172
0.487609
0.514315
0.541281
0.568498
0.595956
0.623646
0.651556
0.679678
0.708000
0.736511
0.765201
0.794058
0.823071
0.852229
0.881520
0.910932
0.940453
0.970070
0.999771
1.029545
1.059377
1.089255
1.119167
1.149099
1.179038
1.208971
1.238884
1.268764
1.298597
1.328370
1.358068
1.387679
1.417188
1.446582
1.475846
1.504966
1.533929
1.562721
1.591328
1.619735
1.647928
1.675895
1.703621
1.731091
1.758293
1.785212
1.811836
1.838149
1.864139
1.889793
1.915097
1.940038
1.964602
1.988778
2.012551
2.035910
2.058843
2.081336
2.103378
2.124957
2.146061
2.166679
2.186799
2.206411
2.225503
2.244065
2.262088
2.279560
2.296472
2.312814
2.328578
2.343755
2.358335
2.372312
2.385676
2.398421
2.410538
2.422022
2.432866
2.443064
2.452609
2.461497
2.469722
2.477281
2.484168
2.490380
2.495914
2.500767
2.504936
2.508420
2.511216
2.513324
2.514743
2.515473
2.515513
2.514866
2.513531
2.511511
2.508808
2.505424
2.501363
2.496628
2.491224
2.485155
2.478426
2.471043
2.463012
2.454340
2.445034
2.435101
2.424551
2.413391
2.401631
2.389280
2.376349
2.362848
2.348790
2.334184
2.319045
2.303384
2.287214
2.270550
2.253406
2.235795
2.217734
2.199238
2.180323
2.161004
2.141300
2.121228
2.100805
2.080049
2.058979
2.037614
2.015973
1.994076
1.971943
1.949594
1.927050
1.904332
1.881461
1.858458
1.835346
1.812146
1.788880
1.765572
1.742243
1.718917
1.695616
1.672364
1.649182
1.626096
1.603127
1.580300
1.557636
1.535161
1.512896
1.490864
1.469089
1.447594
1.426400
1.405530
1.385007
1.364852
1.345087
1.325732
1.306809
1.288337
1.270337
1.252828
1.235828
1.219356
1.203430
1.188065
1.173279
1.159086
1.145500
1.132537
1.120207
1.108523
1.097496
1.087134
1.077447
1.068442
1.060124
1.052498
1.045568
1.039335
1.033800
1.028961
1.024816
1.021360
1.018587
1.016488
1.015053
1.014271
1.014128
1.014607
1.015689
1.017355
1.019581
1.022341
1.025608
1.029351
1.033537
1.038129
1.043089
1.048375
1.053942
1.059742
1.065724
1.071832
1.078010
1.084194
1.090321
1.096321
1.102121
1.107645
1.112811
1.117536
1.121728
1.125296
1.128141
1.130160
1.131245
1.131285
1.130161
1.127752
1.123929
1.118560
1.111506
1.102623
1.091761
1.078764
1.063470
1.045711
1.025312
1.002093
0.975866
0.946437
0.913605
0.877161
0.836890
0.792569
0.743967
第一组插值误差为         1.868530466062e+00
第二组插值误差为         3.063702127482e-01

--------------------------------
Process exited after 4.694 seconds with return value 0
请按任意键继续. . .
