Please input the value of n (n<=12):
9
Vector b is as follows:
2.82896825
1.92896825
1.51987734
1.26987734
1.09680042
0.96822899
0.86822899
0.78787185
0.72169538
Matrix H is as follows
1.00000000      0.50000000      0.33333333      0.25000000      0.20000000      0.16666667      0.14285714      0.12500000      0.11111111
0.50000000      0.33333333      0.25000000      0.20000000      0.16666667      0.14285714      0.12500000      0.11111111      0.10000000
0.33333333      0.25000000      0.20000000      0.16666667      0.14285714      0.12500000      0.11111111      0.10000000      0.09090909
0.25000000      0.20000000      0.16666667      0.14285714      0.12500000      0.11111111      0.10000000      0.09090909      0.08333333
0.20000000      0.16666667      0.14285714      0.12500000      0.11111111      0.10000000      0.09090909      0.08333333      0.07692308
0.16666667      0.14285714      0.12500000      0.11111111      0.10000000      0.09090909      0.08333333      0.07692308      0.07142857
0.14285714      0.12500000      0.11111111      0.10000000      0.09090909      0.08333333      0.07692308      0.07142857      0.06666667
0.12500000      0.11111111      0.10000000      0.09090909      0.08333333      0.07692308      0.07142857      0.06666667      0.06250000
0.11111111      0.10000000      0.09090909      0.08333333      0.07692308      0.07142857      0.06666667      0.06250000      0.05882353
The result of Doolittle's Method is as follows
L =
1.00000000      0.00000000      0.00000000      0.00000000      0.00000000      0.00000000      0.00000000      0.00000000      0.00000000
0.50000000      1.00000000      0.00000000      0.00000000      0.00000000      0.00000000      0.00000000      0.00000000      0.00000000
0.33333333      1.00000000      1.00000000      0.00000000      0.00000000      0.00000000      0.00000000      0.00000000      0.00000000
0.25000000      0.90000000      1.50000000      1.00000000      0.00000000      0.00000000      0.00000000      0.00000000      0.00000000
0.20000000      0.80000000      1.71428571      2.00000000      1.00000000      0.00000000      0.00000000      0.00000000      0.00000000
0.16666667      0.71428571      1.78571429      2.77777778      2.50000000      1.00000000      0.00000000      0.00000000      0.00000000
0.14285714      0.64285714      1.78571429      3.33333333      4.09090909      3.00000000      1.00000000      0.00000000      0.00000000
0.12500000      0.58333333      1.75000000      3.71212121      5.56818182      5.65384615      3.50000000      1.00000000      0.00000000
0.11111111      0.53333333      1.69696970      3.95959596      6.85314685      8.61538462      7.46666667      3.99999993      1.00000000
U =
1.00000000      0.50000000      0.33333333      0.25000000      0.20000000      0.16666667      0.14285714      0.12500000      0.11111111
0.00000000      0.08333333      0.08333333      0.07500000      0.06666667      0.05952381      0.05357143      0.04861111      0.04444444
0.00000000      0.00000000      0.00555556      0.00833333      0.00952381      0.00992063      0.00992063      0.00972222      0.00942761
0.00000000      0.00000000      0.00000000      0.00035714      0.00071429      0.00099206      0.00119048      0.00132576      0.00141414
0.00000000      0.00000000      0.00000000      0.00000000      0.00002268      0.00005669      0.00009276      0.00012626      0.00015540
0.00000000      0.00000000      0.00000000      0.00000000      0.00000000      0.00000143      0.00000429      0.00000809      0.00001233
0.00000000      0.00000000      0.00000000      0.00000000      0.00000000      0.00000000      0.00000009      0.00000032      0.00000067
0.00000000      0.00000000      0.00000000      0.00000000      0.00000000      0.00000000      0.00000000      0.00000001      0.00000002
0.00000000      0.00000000      0.00000000      0.00000000      0.00000000      0.00000000      0.00000000      0.00000000      0.00000000
x[1] = 1.00000000
x[2] = 1.00000000
x[3] = 0.99999996
x[4] = 1.00000025
x[5] = 0.99999914
x[6] = 1.00000166
x[7] = 0.99999818
x[8] = 1.00000105
x[9] = 0.99999975
The error is 0.00000594
Jacobi's iteration failed!
The result of G-S iteration is as follows:
x[1] = 1.00015805
x[2] = 0.99573768
x[3] = 1.02133512
x[4] = 0.97328986
x[5] = 0.98984582
x[6] = 1.01271805
x[7] = 1.01935944
x[8] = 1.00720628
x[9] = 0.98005216
There are 4669 steps.
The error is 0.12185143
--------------------------------
Process exited after 22.75 seconds with return value 0
请按任意键继续. . .
